GRASP	500	10000	0.02957940101623535	[41.5]	[  98  681  945 1841  786   98  930  871 1931 1838]	None	None
GRASP	500	10000	0.02939295768737793	[41.]	[ 481 1990 1297 1850  821  481  693 1232 1799 1788]	None	None
GRASP	500	10000	0.0352327823638916	[38.5]	[ 120  657 1744 2057 2078  120  953 1676  824 1549]	None	None
GRASP	500	10000	0.03170013427734375	[37.5]	[ 530 1232 2131 1831 1606  530 1955 1140 1624 2031]	None	None
GRASP	500	10000	0.0300905704498291	[39.]	[ 379 1334 1143 1111 1802  379  827  763  727 1749]	None	None
GRASP	500	10000	0.026384353637695312	[39.]	[ 130 1009  758 1802  837  130  785 1418 1204 1708]	None	None
GRASP	500	10000	0.02785801887512207	[40.5]	[ 191 1337 1362 1638 1418  191 1005 1604 1077 1566]	None	None
GRASP	500	10000	0.03162956237792969	[42.]	[ 596 1212 1919 1471 1447  596  732  711 1647  945]	None	None
GRASP	500	10000	0.03552722930908203	[39.]	[ 545 1361 1205 2081 1147  545  783 1133 1979 1750]	None	None
GRASP	500	10000	0.030424833297729492	[42.5]	[ 337  875  758 1778 1763  337 1492 1604 1453 2080]	None	None
GRASP	500	10000	0.0325474739074707	[43.]	[ 634 1845 1018 1748 1879  634  860 1090  856 1872]	None	None
GRASP	500	10000	0.025736093521118164	[41.5]	[  75 1514 1663 1566 1061   75 1763  875  738 1749]	None	None
GRASP	500	10000	0.031021595001220703	[35.]	[ 395  786 1140 1954 1791  395 1265 1927 2052]	None	None
GRASP	500	10000	0.024396896362304688	[41.5]	[ 212 1765  794  758  659  212 1858 1479 1134 1749]	None	None
GRASP	500	10000	0.02470231056213379	[34.]	[ 467 2044  890 1631  758  467 1750 1134 1257]	None	None
GRASP	500	10000	0.036797285079956055	[40.5]	[ 194 1209  713  837 1802  194 1534  738  897 2059]	None	None
GRASP	500	10000	0.029913663864135742	[40.5]	[ 634 1650 2117 1070 2050  634 1548  929 1775 1449]	None	None
GRASP	500	10000	0.03382396697998047	[42.]	[ 568 1514 2093 1160  659  568 1763 1566  738 2138]	None	None
GRASP	500	10000	0.02719426155090332	[41.]	[ 378  968 1204 2158 1566  378 1749  713  758 2036]	None	None
GRASP	500	10000	0.02694416046142578	[40.]	[ 240  834  688 1356 1972  240 1709 1750 1614  681]	None	None
GRASP	500	10000	0.03538656234741211	[41.5]	[  58  769  856 1018 1748   58 1349 1782 2052 1845]	None	None
GRASP	500	10000	0.02575826644897461	[38.5]	[  66 1514 1362 2065  676   66 1865 1738 2096  757]	None	None
GRASP	500	10000	0.02689838409423828	[39.5]	[  88 1032 1931  711  832   88 1710 1447  732  834]	None	None
GRASP	500	10000	0.029372453689575195	[41.5]	[ 339 1784 1806 1471 1641  339  802 2040 1919 1979]	None	None
GRASP	500	10000	0.030191659927368164	[38.5]	[ 374 1563 1845 1090 1788  374 1838 2073 1250]	None	None
GRASP	500	10000	0.03671836853027344	[42.]	[ 437  738 1437 1276 1749  437 1514  750 1589 1763]	None	None
GRASP	500	10000	0.037776947021484375	[40.5]	[  59 1850 1625  711  688   59 1829 1884 1583  847]	None	None
GRASP	500	10000	0.0320737361907959	[42.5]	[ 617 1806 1750 1340  771  617  945 1261 1471 1919]	None	None
GRASP	500	10000	0.02872610092163086	[36.5]	[ 598  763  861  727 2093  598 1631  875 1270 1718]	None	None
GRASP	500	10000	0.03619503974914551	[36.]	[ 162 1250 1910  681 1647  162 1799 1644 1838]	None	None
GRASP	500	10000	0.04877614974975586	[41.5]	[ 637 1727 1579 1315  763  637 1566 1288 1077 1763]	None	None
GRASP	500	10000	0.036275386810302734	[40.5]	[ 236 1763  898  837 2036  236 2105 1514  968 1453]	None	None
GRASP	500	10000	0.044610023498535156	[40.]	[ 516 1361 1465  837 1827  516  947 1160 1579 2005]	None	None
GRASP	500	10000	0.03638434410095215	[39.5]	[ 602 2041 1348 1393 1630  602 1101 2129 1351 1612]	None	None
GRASP	500	10000	0.034270524978637695	[40.]	[ 330 1539 1109 1583 1850  330 1043 1919 1471 1806]	None	None
GRASP	500	10000	0.024099349975585938	[40.]	[ 288  860 1696 1394  841  288 1845 1448 2046 1992]	None	None
GRASP	500	10000	0.0391237735748291	[42.5]	[ 643 1638  758 1043 1514  643  968  837 1566 1763]	None	None
GRASP	500	10000	0.031049251556396484	[38.]	[ 403 1421  994 1613 1426  403  961 1816  977 1173]	None	None
GRASP	500	10000	0.03383016586303711	[41.5]	[ 349 1514 1645 1124  713  349 1143  968 1566 1738]	None	None
GRASP	500	10000	0.034723758697509766	[42.5]	[  78 1563 1895 2052 1070   78 1356 1879 1799 1788]	None	None
GRASP	500	10000	0.0328829288482666	[39.5]	[ 219 1910 1791  681  786  219 2161  807 1517  733]	None	None
GRASP	500	10000	0.03967761993408203	[41.]	[ 552 1566 1392  738 1865  552  917  659 2059  837]	None	None
GRASP	500	10000	0.03961348533630371	[39.]	[  76  847 1843 1140 1281   76 1356  793 1677 1626]	None	None
GRASP	500	10000	0.04123067855834961	[43.5]	[ 637  659 1514 1865  750  637 1014  738 1763 1680]	None	None
GRASP	500	10000	0.03190135955810547	[39.]	[ 210  832 1626 1886  769  210  761 1354 1812 1845]	None	None
GRASP	500	10000	0.03187823295593262	[41.]	[ 221 1548 1783 1746  834  221 1799  847  692 1647]	None	None
GRASP	500	10000	0.033915042877197266	[42.5]	[ 395  834 1563 1424 1879  395  733  673 1626 1788]	None	None
GRASP	500	10000	0.025252819061279297	[38.]	[ 191 1408  763 1361  191 1566  837  713 1785]	None	None
GRASP	500	10000	0.05059957504272461	[41.]	[ 565 1009 1690 1111 2036  565  758  757  659 2093]	None	None
GRASP	500	10000	0.07111096382141113	[40.5]	[ 482 1317 1436 1879 1788  482 1142 1967 1838 2110]	None	None
GRASP	500	10000	0.07753920555114746	[34.5]	[ 320  753  769 1706 2052  320  991 1923 1626]	None	None
GRASP	500	10000	0.08225893974304199	[42.]	[ 448 1865 2005  911 1160  448 1453  758 1514 1802]	None	None
GRASP	500	10000	0.06539416313171387	[42.5]	[ 438 1276  758  757 2036  438 1514  948 1143 1865]	None	None
GRASP	500	10000	0.04099011421203613	[41.5]	[ 519 1408 1514  758 2004  519  757  713  909 1604]	None	None
GRASP	500	10000	0.036293745040893555	[40.]	[ 135 1429 1090 1845 2052  135 2049 1675  929 1301]	None	None
GRASP	500	10000	0.028971433639526367	[40.]	[ 410 1955 2039 1845  865  410  740 1030 1265 1857]	None	None
GRASP	500	10000	0.0296781063079834	[40.5]	[ 252 1869 1207 1232 2140  252 1089 1650 1745  847]	None	None
GRASP	500	10000	0.038912296295166016	[40.5]	[ 567 1572 1788 1563 1070  567  921 2102 1845 2052]	None	None
GRASP	500	10000	0.028513669967651367	[41.]	[  99 1709 1792 1850  834   99 1471 1156 1447 1750]	None	None
GRASP	500	10000	0.028252601623535156	[37.]	[ 116  769 1517 1879 2073  116 1799 1850 1838]	None	None
GRASP	500	10000	0.03207564353942871	[41.5]	[ 438 1680 1276 1514 1802  438 1111  659  891 2036]	None	None
GRASP	500	10000	0.03326535224914551	[43.]	[  53 1799 1872  769 1250   53 1447 1958  688 1841]	None	None
GRASP	500	10000	0.02898263931274414	[43.]	[ 140 1113 1802  758  734  140 1471 1447 2040 1919]	None	None
GRASP	500	10000	0.028155088424682617	[39.]	[ 170 1078 1675 1739 1449  170  949 1935 1657 1992]	None	None
GRASP	500	10000	0.03168010711669922	[41.]	[ 170 1692 1563  807  702  170 1918  893  761 2052]	None	None
GRASP	500	10000	0.033786773681640625	[41.]	[ 374 1449  865  841 1805  374 1370 1178 2039 1799]	None	None
GRASP	500	10000	0.03336215019226074	[41.]	[ 506 2097 1133 1391  659  506 2080 1453  738 1749]	None	None
GRASP	500	10000	0.0395665168762207	[41.5]	[  91 2161 1710 1788 1517   91 1265 1805 1563 1879]	None	None
GRASP	500	10000	0.03714108467102051	[38.5]	[  96 1805 2154 1845  865   96 1716 1517 1018  740]	None	None
GRASP	500	10000	0.026890277862548828	[37.5]	[ 624  943 1292 1479  624 1763 1515 1566  758]	None	None
GRASP	500	10000	0.030046701431274414	[40.5]	[ 613 1772  846 1395 1656  613  654 1952 1939 1821]	None	None
GRASP	500	10000	0.028742551803588867	[43.]	[  91  753 1142 1716 1872   91 1449 1927 1090 1788]	None	None
GRASP	500	10000	0.025343894958496094	[41.5]	[ 634 2034  905 1845 1788  634 1378 1799 1232 2120]	None	None
GRASP	500	10000	0.029939651489257812	[42.]	[ 620  750  659 1749 2151  620 1827 1007  785  869]	None	None
GRASP	500	10000	0.03609800338745117	[41.]	[ 416 1824 2050 1250 1788  416 1783 1109 2110 1745]	None	None
GRASP	500	10000	0.03629422187805176	[42.]	[ 479 1681 1799 1232  769  479 1471  869  771 2040]	None	None
GRASP	500	10000	0.027446269989013672	[42.5]	[ 598 1514  757 1925  727  598  758 1763 2098 1749]	None	None
GRASP	500	10000	0.031058073043823242	[39.]	[ 246 1109 1297  834 1650  246 1831 1089  900  681]	None	None
GRASP	500	10000	0.03341412544250488	[42.]	[ 116  856  702 2161 1783  116 1232 1650 1788 1799]	None	None
GRASP	500	10000	0.029416322708129883	[41.5]	[ 624 1209 1002 1727 1425  624  758 1295  659 1749]	None	None
GRASP	500	10000	0.026844263076782227	[39.]	[ 128  739  688 1327 1750  128 1156 1273  971 1802]	None	None
GRASP	500	10000	0.031789541244506836	[40.5]	[ 590 1314 2033  841 1176  590 1532  905 2052 1845]	None	None
GRASP	500	10000	0.036699533462524414	[41.]	[ 337 1589 1514 2004 2036  337  945 1979  785  869]	None	None
GRASP	500	10000	0.03320884704589844	[40.5]	[ 349 1709 1727 2097 1014  349 1143 1646 1076 2080]	None	None
GRASP	500	10000	0.034229278564453125	[41.5]	[ 471 1366 1692 1448  733  471 1142 1716 1232 1843]	None	None
GRASP	500	10000	0.03028726577758789	[40.]	[ 253 1449 1266 1599 2132  253 1563 1845 1805 2052]	None	None
GRASP	500	10000	0.029184341430664062	[39.5]	[ 195 1646 2105 1514 2151  195 1045 2005 1334 2080]	None	None
GRASP	500	10000	0.03262639045715332	[40.]	[ 378 1205 2004 1566 1082  378 1514 1567 1515 2153]	None	None
GRASP	500	10000	0.03075242042541504	[38.]	[ 404  961 1421  977 1613  404 1173  994 1426 1816]	None	None
GRASP	500	10000	0.032095909118652344	[42.5]	[ 442 1760 2050  769 1415  442 1799 1250 1883 2031]	None	None
GRASP	500	10000	0.032483577728271484	[39.]	[ 448  968 1408 1410 1802  448 1519  777  659 2059]	None	None
GRASP	500	10000	0.03393363952636719	[39.5]	[ 517  922 1437 1514 2093  517 2005  758 1043 1749]	None	None
GRASP	500	10000	0.03077387809753418	[40.]	[ 525 2120  688 1442 1670  525  834 1740 1910 1644]	None	None
GRASP	500	10000	0.03548574447631836	[39.5]	[ 510  885 2044  738 1566  510 1355 1634 1036 2051]	None	None
GRASP	500	10000	0.025648117065429688	[34.5]	[ 256 1931  807 1886 1338  256 2127 1674 2031]	None	None
GRASP	500	10000	0.031179189682006836	[40.5]	[ 102 1555  659 1802  837  102 1271  996  764 2080]	None	None
GRASP	500	10000	0.028790950775146484	[36.]	[ 471 1016 1394 1368 1777  471 1910 1838 1323 2117]	None	None
GRASP	500	10000	0.030979633331298828	[38.5]	[ 193 1354 1366  894 1692  193 1812 2052  841 1924]	None	None
GRASP	500	10000	0.024555444717407227	[39.5]	[ 613 1609 1720 1847  846  613  654 1466 1789 1395]	None	None
GRASP	500	10000	0.033437490463256836	[40.5]	[ 643 1581  758  708 1802  643 1076  738 1778 1111]	None	None
GRASP	500	20000	0.037999629974365234	[42.]	[ 411  794  659  738 1766  411 1566  705 1036 2101]	None	None
GRASP	500	20000	0.030853748321533203	[42.]	[ 194 1515  757  758 1608  194 1356 2120 1566  750]	None	None
GRASP	500	20000	0.024915695190429688	[36.5]	[ 402 1101 1318  658 1747  402 1586  899 1296 1679]	None	None
GRASP	500	20000	0.03470015525817871	[41.]	[ 386 1265 1008 1992 1314  386 1449  865 1176 1687]	None	None
GRASP	500	20000	0.02785515785217285	[39.5]	[ 568 2101  912  828  830  568 1147 1778  922 2080]	None	None
GRASP	500	20000	0.02776193618774414	[40.5]	[ 374 1517  834 1967 2052  374 1080 2132 1872 1879]	None	None
GRASP	500	20000	0.04067659378051758	[43.]	[ 286 1799 1394 1301 1748  286 1788 1845 2132 1265]	None	None
GRASP	500	20000	0.034505367279052734	[40.5]	[ 630  999 1033 1517 1955  630 1716 1176  834 1142]	None	None
GRASP	500	20000	0.03664398193359375	[41.]	[  58 1563 1653 1841  807   58 1142 1845 1780 1748]	None	None
GRASP	500	20000	0.03453683853149414	[41.5]	[ 286  733 1176 1891 1087  286  702 1451 1424 1780]	None	None
GRASP	500	20000	0.03315567970275879	[40.]	[ 357 1938 2140 1805 1301  357 1834 1378 1448  856]	None	None
GRASP	500	20000	0.032196044921875	[41.5]	[ 395 1232 1891 1803 1864  395 1109 1799 2031 2110]	None	None
GRASP	500	20000	0.03258657455444336	[41.5]	[ 503 1980 1516 1845  798  503  821 1232 1109 1850]	None	None
GRASP	500	20000	0.0333709716796875	[40.5]	[  84 2132  871  834  733   84 1488  869 1750 2110]	None	None
GRASP	500	20000	0.028170347213745117	[39.5]	[ 339  673 1838  834  681  339 1231 2081 1979 1750]	None	None
GRASP	500	20000	0.033194780349731445	[42.5]	[ 376 1902  681  834  871  376 1265  847 1109 1799]	None	None
GRASP	500	20000	0.03866314888000488	[40.]	[ 477 1036 1559 1514 1726  477 1009  738 1763 1858]	None	None
GRASP	500	20000	0.032134056091308594	[42.]	[ 411  837 1005 1919  659  411 1763  908 1003 1680]	None	None
GRASP	500	20000	0.03292202949523926	[41.5]	[ 251  673  841 1891 1429  251 1451 1297 1783 1799]	None	None
GRASP	500	20000	0.035614013671875	[40.5]	[ 397  659  738 1750 1669  397 1841 1263 1183 1749]	None	None
GRASP	500	20000	0.03700685501098633	[41.5]	[ 330 1415  769 1879  681  330 2022  880 1207 1250]	None	None
GRASP	500	20000	0.03779196739196777	[41.5]	[  53 1109 1778 1290 1850   53 1448  841  894 2052]	None	None
GRASP	500	20000	0.03227400779724121	[39.]	[ 331  958 1361 1726  738  331 1843 1710 1109 1207]	None	None
GRASP	500	20000	0.031610727310180664	[40.]	[ 484 1276 1919 2138  758  484 2040 1708  738 1750]	None	None
GRASP	500	20000	0.03196978569030762	[41.5]	[ 162 1579 1514 1043 1850  162  662 1415 1820  786]	None	None
GRASP	500	20000	0.0389862060546875	[41.]	[ 555 1514  713 1778 1589  555 1583 1921 1980 1799]	None	None
GRASP	500	20000	0.04703211784362793	[43.5]	[ 106 2005 1447 1297 1471  106 1576 1785 1836 1749]	None	None
GRASP	500	20000	0.03733491897583008	[41.5]	[  78 1375 1883 1864 1087   78 1517 1757 1356  834]	None	None
GRASP	500	20000	0.030377626419067383	[42.5]	[ 391 1353 1391 1911 1566  391 1514  659 1447 1792]	None	None
GRASP	500	20000	0.030665874481201172	[42.]	[ 637  734 1007  688 1708  637 1998 1447 1471 1750]	None	None
GRASP	500	20000	0.03786897659301758	[41.5]	[ 311 1399 1349 1232 1845  311 1799  834 1879 1788]	None	None
GRASP	500	20000	0.041190385818481445	[41.5]	[ 250 1583 1117 1819 1449  250 1514 1919 1806 1717]	None	None
GRASP	500	20000	0.03725790977478027	[38.]	[ 548 1197 1265 1788 1716  548 1890 1063 1681 1975]	None	None
GRASP	500	20000	0.04218435287475586	[41.]	[ 411 1608 1708 1023  696  411 1710 1763  738  797]	None	None
GRASP	500	20000	0.04724836349487305	[42.5]	[ 448  738 1911  898  734  448  794  758 1515 2105]	None	None
GRASP	500	20000	0.035909175872802734	[41.5]	[  32  898 2104 1566 1471   32 1865  738  758 1690]	None	None
GRASP	500	20000	0.06337881088256836	[42.5]	[ 368 1919  688 1471 1276  368 1408  757  667 1738]	None	None
GRASP	500	20000	0.07776618003845215	[41.5]	[ 106 2139 1356 1140  852  106  738  667 1766 1385]	None	None
GRASP	500	20000	0.049343109130859375	[39.5]	[ 162  771  738 1492 1680  162 1566  890  941 1644]	None	None
GRASP	500	20000	0.04246401786804199	[40.5]	[ 492  958 2005 1242  777  492 1802  758 1514 2040]	None	None
GRASP	500	20000	0.035033226013183594	[42.]	[ 331  771 1919 1082  667  331  865 1788 2161 1799]	None	None
GRASP	500	20000	0.03807401657104492	[41.]	[ 311  753  821  769 2052  311 1924 1250  834 1841]	None	None
GRASP	500	20000	0.02494525909423828	[37.5]	[ 482 1879 2161 1692  807  482 1375 1493 1449]	None	None
GRASP	500	20000	0.03641200065612793	[38.]	[ 288 1078 1397 1876 1912  288 1449 1927 1366 1805]	None	None
GRASP	500	20000	0.03671693801879883	[39.5]	[ 541  883  971  752 1802  541  758 1718 1515  738]	None	None
GRASP	500	20000	0.038742780685424805	[43.]	[ 374 1449 1799 1670 1745  374 1265 1207 1436 1788]	None	None
GRASP	500	20000	0.03270459175109863	[38.5]	[ 438 1919  734 1514  922  438  837  847 2139]	None	None
GRASP	500	20000	0.03653073310852051	[37.5]	[ 355 1560  738  696 1650  355 1262 1276 2101 1750]	None	None
GRASP	500	20000	0.034575700759887695	[35.5]	[ 261  846 1379 1776 1993  261 1874 2041 2012]	None	None
GRASP	500	20000	0.02783060073852539	[43.]	[ 504 1514  758 1204 1763  504 1415 1841  681  834]	None	None
GRASP	500	20000	0.03798031806945801	[42.5]	[ 590  871 1716 1872 1397  590 1843 1650 1232  821]	None	None
GRASP	500	20000	0.03684878349304199	[39.]	[ 533 1994 1261 1572  992  533  834 1650  733 1879]	None	None
GRASP	500	20000	0.03132772445678711	[37.]	[  53 1726 1471 1066 1229   53  962 1207  771 1841]	None	None
GRASP	500	20000	0.027245283126831055	[42.5]	[ 246 1872 1448 1449 1748  246 1205  734 1082 1841]	None	None
GRASP	500	20000	0.030419111251831055	[34.5]	[  76 1745 2034 1757  871   76 1560 2110 2031]	None	None
GRASP	500	20000	0.04030203819274902	[39.]	[ 320 1078 1716 1517 1879  320 1346  769 1812 1845]	None	None
GRASP	500	20000	0.03739333152770996	[41.]	[ 386  733  841 1176 1918  386  834  681 1008 1787]	None	None
GRASP	500	20000	0.03960680961608887	[42.5]	[  78 1317 1250  865 1845   78  761 1788 1850  733]	None	None
GRASP	500	20000	0.029592275619506836	[40.]	[ 479 1113  734 1143 1641  479  898 1009  758 2151]	None	None
GRASP	500	20000	0.034279823303222656	[37.]	[ 448  758  738  757 1726  448 1037 1802  734]	None	None
GRASP	500	20000	0.032077789306640625	[40.]	[ 253  681 1517 1449 1845  253 1195 1200  921 2052]	None	None
GRASP	500	20000	0.03178811073303223	[41.5]	[ 504  665  890 1911  758  504  871 1207 1979 1792]	None	None
GRASP	500	20000	0.03628420829772949	[39.5]	[ 457 1617  899 2041 1630  457  654 1358 1900 1612]	None	None
GRASP	500	20000	0.048281192779541016	[40.5]	[ 437 1142 1619 1850  688  437 1027 1411 1514 1837]	None	None
GRASP	500	20000	0.09306669235229492	[39.]	[ 343  843 2041 1358 1318  343 1379 1874  654 1747]	None	None
GRASP	500	20000	0.07550191879272461	[41.5]	[ 473 1778  757 1262 1588  473 1276 1911  909  758]	None	None
GRASP	500	20000	0.06428146362304688	[40.]	[ 482 1864 1493 1449  865  482  740 1539 1528 1716]	None	None
GRASP	500	20000	0.07190299034118652	[42.]	[ 337 1566 1738 1262 1273  337 1799 1232 1843 2073]	None	None
GRASP	500	20000	0.06506633758544922	[41.]	[ 508 1845 1517 1670  807  508  841 1314 1176 1992]	None	None
GRASP	500	20000	0.053563833236694336	[40.5]	[ 164  948 1850 1910  834  164  733 1950 1788 1799]	None	None
GRASP	500	20000	0.03363180160522461	[40.5]	[  75  898 1646  758 1133   75  771  763 1566 2080]	None	None
GRASP	500	20000	0.037082672119140625	[40.5]	[ 325 1452 1260 2060 1704  325 2106 1153 2113 1703]	None	None
GRASP	500	20000	0.028419017791748047	[40.5]	[ 104  955 1448 1563 1872  104 1232 1250  865 2126]	None	None
GRASP	500	20000	0.05593442916870117	[43.]	[ 363 2056 1493  856 1563  363 1176 1132  733 1799]	None	None
GRASP	500	20000	0.04470181465148926	[43.5]	[ 525  681 1471 1322 1838  525 1799 1864 1354 2031]	None	None
GRASP	500	20000	0.03842473030090332	[40.5]	[ 410 1354 1913  865 1517  410 1528 1207 1980 1799]	None	None
GRASP	500	20000	0.03941702842712402	[42.]	[  58 2116 1879 1975  847   58 1198  865  769 1799]	None	None
GRASP	500	20000	0.033310890197753906	[42.]	[ 256  769 1090 1266 1845  256  681 2063  841 1799]	None	None
GRASP	500	20000	0.03416895866394043	[41.]	[  58 1517 1845 1799  962   58 1250 1265 1883 2031]	None	None
GRASP	500	20000	0.03335905075073242	[41.5]	[ 543 1608 1411 1271 1514  543  757  758  837 1802]	None	None
GRASP	500	20000	0.031954050064086914	[36.5]	[ 394 2080  738  948 1589  394 1967 1806 1827]	None	None
GRASP	500	20000	0.03438138961791992	[43.]	[ 486 1016 1745 1354 1935  486 1493 1845 1748 1879]	None	None
GRASP	500	20000	0.031613826751708984	[41.]	[  96 1122  872 1870 1449   96  905  856 1314 1879]	None	None
GRASP	500	20000	0.02601480484008789	[42.5]	[ 596 1713  902 1641 1919  596  771 1788 1799 2031]	None	None
GRASP	500	20000	0.029911279678344727	[42.]	[ 395 1650 1799  834 1018  395 1583 2110 1748 1879]	None	None
GRASP	500	20000	0.03526139259338379	[42.]	[  49 1176  841 1448 1845   49 1819  865  711 1838]	None	None
GRASP	500	20000	0.040184736251831055	[41.5]	[ 438 1919  758  916 1566  438 1647 1276 1025 1009]	None	None
GRASP	500	20000	0.03198647499084473	[38.5]	[ 541 2153  834 1302 1147  541  890 1555 1568 1674]	None	None
GRASP	500	20000	0.029761075973510742	[37.5]	[ 339  696 1778 1147  688  339  777  771 1806]	None	None
GRASP	500	20000	0.04566049575805664	[41.]	[ 233  962 1920 1647 1841  233 1290 1931 1415 2031]	None	None
GRASP	500	20000	0.026688575744628906	[42.5]	[ 438  757 1479 1604 1708  438 1271 1514 1850 1919]	None	None
GRASP	500	20000	0.040268659591674805	[41.5]	[ 520 1788 1493 1405 1449  520  769 1876  733 1799]	None	None
GRASP	500	20000	0.024864912033081055	[39.5]	[  76 1232 1566 1799 1436   76 1013 1354 1548 1626]	None	None
GRASP	500	20000	0.02779412269592285	[39.]	[ 605 1613  994 1173 1305  605  977 1426 1816  961]	None	None
GRASP	500	20000	0.02872323989868164	[37.]	[  91 1920  871 1788 1799   91 2052 1687 2031]	None	None
GRASP	500	20000	0.03323221206665039	[41.5]	[  96 1845 2139 1207 1967   96 1864  841 1834  733]	None	None
GRASP	500	20000	0.043174028396606445	[42.5]	[ 592 1799 1563 1716 1838  592  852  840 1850 1281]	None	None
GRASP	500	20000	0.06845664978027344	[39.5]	[ 507 2033 1740 1028 1829  507 1560  786 2110 1820]	None	None
GRASP	500	20000	0.0756075382232666	[43.]	[ 552 1708  738 1566 1514  552 1143  757  758 1802]	None	None
GRASP	500	20000	0.10051226615905762	[40.]	[ 448  708  738 1005 1836  448 1559  758 2096 1750]	None	None
GRASP	1000	10000	0.08037686347961426	[41.]	[ 181  758 1763 1749 1713  181 1182  757 1514 1719]	None	None
GRASP	1000	10000	0.0702366828918457	[41.]	[ 393  783  659  885 2036  393  713 1713 1566 1076]	None	None
GRASP	1000	10000	0.10216975212097168	[41.5]	[ 238  659  738 1514 1749  238 1979 1337 1471  869]	None	None
GRASP	1000	10000	0.05740642547607422	[42.5]	[ 550  713 1043  758 1749  550 2097  837 1025  734]	None	None
GRASP	1000	10000	0.03789067268371582	[39.5]	[  14  659 1160 1663 1646   14 1027  758 1802 2036]	None	None
GRASP	1000	10000	0.03367948532104492	[42.5]	[ 492 1276  713 1453 1749  492 1713  837  659 1646]	None	None
GRASP	1000	10000	0.04136037826538086	[41.5]	[ 438  971 1802 2151 1043  438  737 2005 1361  738]	None	None
GRASP	1000	10000	0.0363311767578125	[42.5]	[ 430  753 1265  865 1692  430  702 1799  673  769]	None	None
GRASP	1000	10000	0.0349423885345459	[41.5]	[ 143  807 1788  865 1449  143 1780  841 1992 1314]	None	None
GRASP	1000	10000	0.03353261947631836	[42.]	[ 617 1471 1447  688 1806  617 1852 1261 1500 2040]	None	None
GRASP	1000	10000	0.03041982650756836	[40.5]	[  42 1207 1471  834 1820   42  681 1919 1792  902]	None	None
GRASP	1000	10000	0.036116838455200195	[43.5]	[ 448  713 1143 1514 1713  448 1802  758 1778  837]	None	None
GRASP	1000	10000	0.03651595115661621	[41.5]	[ 361 1111 1276 1391 1778  361 1027 1765  659  777]	None	None
GRASP	1000	10000	0.03525662422180176	[39.5]	[ 498 1568 1361 1827 2005  498 1150  827  898 1859]	None	None
GRASP	1000	10000	0.03359532356262207	[40.]	[ 482 1033 1799 1626 1745  482 1800  834 1873 1788]	None	None
GRASP	1000	10000	0.03900313377380371	[39.]	[  82 2022 1994  898  869   82 1566 1113 1410 1713]	None	None
GRASP	1000	10000	0.0417637825012207	[39.5]	[ 502 1032 1230 1799 1910  502 1757 1650 1109  834]	None	None
GRASP	1000	10000	0.0366826057434082	[41.5]	[  91 1799  769 1745 1637   91  975 1132 1927 1748]	None	None
GRASP	1000	10000	0.03757667541503906	[40.5]	[ 397 1227 1559 1005 2005  397  968 1749 1514  777]	None	None
GRASP	1000	10000	0.0325016975402832	[43.5]	[ 252  847 1799 1841 1850  252 1250  673  769 2020]	None	None
GRASP	1000	10000	0.04095649719238281	[42.5]	[ 626 1514 1567  758 1763  626  948  734  659 1778]	None	None
GRASP	1000	10000	0.03351163864135742	[41.5]	[ 324 1514 1160  837 1911  324 2008  908 2014 2036]	None	None
GRASP	1000	10000	0.032042741775512695	[40.]	[ 619 1656 1466 1395  654  619 1874 1732 1953 1358]	None	None
GRASP	1000	10000	0.03143119812011719	[41.5]	[ 292 1354 1314  841 1864  292 1301 1928 2052 1845]	None	None
GRASP	1000	10000	0.038305044174194336	[42.5]	[ 565  757 1513 1192 1973  565 1273 1005  758 1778]	None	None
GRASP	1000	10000	0.03421139717102051	[39.5]	[ 143 1913 1890 1932 1448  143 1031 1938  822 1845]	None	None
GRASP	1000	10000	0.033447265625	[38.]	[ 460 1694  860 1693 2132  460 1070 2050 1692 2066]	None	None
GRASP	1000	10000	0.03636598587036133	[43.5]	[ 253 1879 1232 1788 1563  253  841 1927 1864 1845]	None	None
GRASP	1000	10000	0.035654306411743164	[40.5]	[ 626 1865  738 1160  737  626  763 1261  797 2014]	None	None
GRASP	1000	10000	0.03557300567626953	[42.]	[ 246  681 1356 1250 1799  246 1424 1879 1788 1716]	None	None
GRASP	1000	10000	0.04256629943847656	[41.]	[  13 1082 1631  750 1680   13  758  794 1514 1778]	None	None
GRASP	1000	10000	0.030082225799560547	[42.]	[ 102  738 1437  757 1973  102 1224  698 2017 1566]	None	None
GRASP	1000	10000	0.06615996360778809	[41.5]	[ 492  898 1945 1514  794  492  758 1263 1713  738]	None	None
GRASP	1000	10000	0.0809626579284668	[41.]	[ 128  750 1738 1043  785  128 1778  758 1111  837]	None	None
GRASP	1000	10000	0.07413411140441895	[42.5]	[ 569  894 1845 2132 1176  569 1774  834 1142  681]	None	None
GRASP	1000	10000	0.036301612854003906	[40.5]	[ 554 1980 1028 1791 1670  554 1415 1788 1799 2031]	None	None
GRASP	1000	10000	0.03222036361694336	[43.5]	[  94  659 1566 1749  837   94 1082  758 1713 1005]	None	None
GRASP	1000	10000	0.037371158599853516	[39.5]	[ 159 2074 1078 1599 2126  159 1805  894 1693 1780]	None	None
GRASP	1000	10000	0.031035423278808594	[42.]	[  57 1788 1375 2066  894   57 1176 1122  822 1950]	None	None
GRASP	1000	10000	0.038282155990600586	[42.5]	[ 381 1799 2079 1788 1250  381 1018 1090  929 1845]	None	None
GRASP	1000	10000	0.03962588310241699	[41.]	[ 201 1514  659 2036  758  201 1082  724  713 1713]	None	None
GRASP	1000	10000	0.032586097717285156	[43.]	[ 365  834 1799 1232 1399  365  786  769 1250 1774]	None	None
GRASP	1000	10000	0.03839588165283203	[42.]	[  94 1453 1514 1836  659   94 1082 1143 2097 1827]	None	None
GRASP	1000	10000	0.042002201080322266	[41.]	[ 199  737  837 1411 1749  199  971 1515 1263 1646]	None	None
GRASP	1000	10000	0.05160927772521973	[40.5]	[  29 1845 1449 1693 2132   29 1637 1799 1601 1250]	None	None
GRASP	1000	10000	0.045476436614990234	[41.]	[ 378 1514  837 1192 1778  378 1145  914 1479 1765]	None	None
GRASP	1000	10000	0.038396358489990234	[42.]	[ 315 1464 2036 1437 1785  315 1514 1778  738 1749]	None	None
GRASP	1000	10000	0.041130781173706055	[41.5]	[ 596 1471 1792 1147  771  596  930  711 1674  945]	None	None
GRASP	1000	10000	0.0364537239074707	[38.5]	[ 117 2120 1105 1921 1958  117  734 1147 1471 1806]	None	None
GRASP	1000	10000	0.03283858299255371	[44.]	[ 628 1748 1879 1799 1250  628 1845 1864 1872  865]	None	None
GRASP	1000	10000	0.030185699462890625	[41.]	[ 253 1448 1734 2088 1992  253 1265 1563  905 1872]	None	None
GRASP	1000	10000	0.03633284568786621	[43.]	[ 338 1973  758  713 1823  338 1763 1143 1713  738]	None	None
GRASP	1000	10000	0.03544878959655762	[43.]	[ 187 1716  769 1250 1799  187 1317  865  733 1879]	None	None
GRASP	1000	10000	0.03580355644226074	[40.]	[ 349 2081  891  659 1406  349 2104  667  737 2001]	None	None
GRASP	1000	10000	0.03782367706298828	[42.]	[  57 1448 2126  925 2058   57 1845 1015 2046  894]	None	None
GRASP	1000	10000	0.030849933624267578	[40.5]	[  13 2153 1943  898  948   13 1514 1778  777  713]	None	None
GRASP	1000	10000	0.04058361053466797	[42.]	[ 159 1782 1087  860  841  159  749 2126 1995 1404]	None	None
GRASP	1000	10000	0.03693246841430664	[41.5]	[ 630 1265 1881 1975 1955  630 1650  769 1356 1232]	None	None
GRASP	1000	10000	0.029598236083984375	[42.]	[  73  769 1449 1448 1716   73 1397 1653  856 1777]	None	None
GRASP	1000	10000	0.03551030158996582	[41.]	[ 201 1479 1763 1858 1514  201 1201 1566 1802 1589]	None	None
GRASP	1000	10000	0.027521133422851562	[41.]	[ 427 1802 1765 1514  758  427  890 1222 1061 2004]	None	None
GRASP	1000	10000	0.031970977783203125	[41.5]	[ 620  777 1865 1827 2005  620  724 1763 1204  738]	None	None
GRASP	1000	10000	0.034413814544677734	[41.5]	[  59 1140 1356  847 1637   59 1774 1548 1820  941]	None	None
GRASP	1000	10000	0.0383145809173584	[41.5]	[ 246  834 1568  681 1910  246 1637  786 1841  688]	None	None
GRASP	1000	10000	0.032526493072509766	[37.]	[ 172 1516 1563 2032 1457  172 1448 1799 1532 1436]	None	None
GRASP	1000	10000	0.03245735168457031	[40.5]	[ 261 1880 1939 1720 1379  261  846 1789 1984 1296]	None	None
GRASP	1000	10000	0.035864830017089844	[42.]	[ 533 1661 1415 1232 1745  533 1910 1650  786  712]	None	None
GRASP	1000	10000	0.05520772933959961	[43.5]	[ 187 1650  847 1415 1913  187 1845 1692 1864 1449]	None	None
GRASP	1000	10000	0.0486292839050293	[40.5]	[ 378 1750 1646 1514 1453  378  696  869 1827 2097]	None	None
GRASP	1000	10000	0.05375218391418457	[42.5]	[ 483 1186  769 1436 1799  483 1752 1563 1788 1250]	None	None
GRASP	1000	10000	0.03639841079711914	[42.]	[ 158  797  758 1566 2097  158 1514 1713  659 1865]	None	None
GRASP	1000	10000	0.037420034408569336	[42.5]	[  66 1763 1713 1566 2005   66  738 1514  659 2151]	None	None
GRASP	1000	10000	0.03451848030090332	[40.5]	[ 434 2118  667 1566  738  434 1411 1765  758 1680]	None	None
GRASP	1000	10000	0.03282952308654785	[43.]	[ 205  769 2052 1783 1799  205 1070 1752 1788 1745]	None	None
GRASP	1000	10000	0.04014396667480469	[42.]	[ 522 1437  659 2036 1514  522  676  734  758 1736]	None	None
GRASP	1000	10000	0.03715848922729492	[43.]	[ 378  758 1836  890 1514  378  738 1192 1911 1865]	None	None
GRASP	1000	10000	0.03424477577209473	[42.5]	[ 215  711  852 1886  769  215 1449 1845 1448 1748]	None	None
GRASP	1000	10000	0.04067802429199219	[39.5]	[ 502 2049 1250  673 1831  502 2110 1621 1757 1401]	None	None
GRASP	1000	10000	0.027151823043823242	[41.5]	[ 395  769 1799 1140 1716  395  767  807 1250 1788]	None	None
GRASP	1000	10000	0.032343387603759766	[43.5]	[ 630 1449 1070 1777 1788  630 1799 1563 1745 1716]	None	None
GRASP	1000	10000	0.03934597969055176	[41.5]	[ 386 1429 1176 1122 1864  386 1870  872  822  893]	None	None
GRASP	1000	10000	0.03314781188964844	[41.]	[ 243 1261 2151 1210 1453  243  738 1713 1160 1865]	None	None
GRASP	1000	10000	0.04108405113220215	[40.]	[ 145  665 1663  698  758  145 2044 1514  968  869]	None	None
GRASP	1000	10000	0.03407931327819824	[39.]	[ 486  989 1429 1622 1059  486 1845  865 1992 1780]	None	None
GRASP	1000	10000	0.038808584213256836	[42.5]	[ 105 1514 1736  758 1143  105  708  738 1262 1973]	None	None
GRASP	1000	10000	0.04226350784301758	[41.5]	[ 480 1517 1090  856 1872  480 1031 1748 1845 1448]	None	None
GRASP	1000	10000	0.03492569923400879	[42.5]	[  73 1281 1710  673 1799   73 1356  847 1250 1879]	None	None
GRASP	1000	10000	0.032708168029785156	[40.]	[  94 1646  898 1111 1353   94  896 2093 1836 1865]	None	None
GRASP	1000	10000	0.028525114059448242	[38.]	[ 403  961 1173 1613  977  403 1421 1816  994 1426]	None	None
GRASP	1000	10000	0.040758609771728516	[42.]	[ 442 1670 1250 1662 2079  442 1338  847 1872 1716]	None	None
GRASP	1000	10000	0.035465240478515625	[43.5]	[ 357 1748  865 1031 1449  357 1853  841 1493 1780]	None	None
GRASP	1000	10000	0.038262367248535156	[43.5]	[ 357 2033  841 1845 1748  357 1031 1449 1176 1780]	None	None
GRASP	1000	10000	0.03406667709350586	[38.]	[ 464  847  962 1614 1834  464 1829 1843 2091 1140]	None	None
GRASP	1000	10000	0.03338885307312012	[41.5]	[ 379 1859 1778 1076 1201  379 2005  738 1514 1749]	None	None
GRASP	1000	10000	0.03400254249572754	[40.]	[  29 2046 1018  856 1563   29 1424 1799 1662  769]	None	None
GRASP	1000	10000	0.03729677200317383	[40.5]	[ 135 1658 1015 1922 1620  135 1301 1176 1122 1864]	None	None
GRASP	1000	10000	0.03657817840576172	[42.]	[ 634 2137 1520 1899  856  634  733  865 1845 1748]	None	None
GRASP	1000	10000	0.04142951965332031	[43.]	[ 410 1178 1232 1777 1265  410 1449 1448 1879 1748]	None	None
GRASP	1000	10000	0.04055309295654297	[41.]	[ 221 1800  662 1972 1841  221 1852  688  771 1447]	None	None
GRASP	1000	10000	0.0360569953918457	[41.5]	[ 520 1927 1799 1745 1397  520 1716 1346 1449 1265]	None	None
GRASP	1000	20000	0.03643059730529785	[41.5]	[ 569 1866  841 1845 1176  569 1070 2027 1140  834]	None	None
GRASP	1000	20000	0.03180956840515137	[41.]	[ 346  834  871 1780 1872  346  681 1361  758 1708]	None	None
GRASP	1000	20000	0.03683733940124512	[41.]	[ 322 1736 1763  771 1566  322 1297 1564 1111 1785]	None	None
GRASP	1000	20000	0.03695821762084961	[43.]	[ 525 1819 1122 1774 1647  525 1563 1018 1637 1850]	None	None
GRASP	1000	20000	0.03815627098083496	[43.]	[ 447 1766  757 1905  890  447  712  869  659 2093]	None	None
GRASP	1000	20000	0.033416032791137695	[41.5]	[ 249 1687 1517 1788 1748  249  807 1864 1716  865]	None	None
GRASP	1000	20000	0.035578012466430664	[40.5]	[ 550 2143 1802 1749 1160  550 2005  757 1408 1878]	None	None
GRASP	1000	20000	0.03831076622009277	[43.5]	[ 170  872 1176 1449 1879  170 1838 1929 1799  769]	None	None
GRASP	1000	20000	0.0365447998046875	[40.5]	[ 534  758 1566 1806  837  534 1784 1763 1567 1859]	None	None
GRASP	1000	20000	0.03453779220581055	[43.]	[ 565 1806 2079 1471 1919  565 1778 1024 1204  837]	None	None
GRASP	1000	20000	0.03132295608520508	[41.5]	[ 438  717  837  699 2005  438 1850 1931 1209 1124]	None	None
GRASP	1000	20000	0.035898447036743164	[39.]	[  18 1931  900  871 1322   18 1150 1688 1802 1750]	None	None
GRASP	1000	20000	0.03436994552612305	[42.]	[ 637 1774  871  681 1838  637  785  834 1127 1678]	None	None
GRASP	1000	20000	0.03501701354980469	[44.5]	[ 357 1777 1493 2126 1864  357 1563 1232  673 1799]	None	None
GRASP	1000	20000	0.03647255897521973	[42.5]	[ 615 1788 1845 1314 1090  615  733  681 1864 1812]	None	None
GRASP	1000	20000	0.03685951232910156	[40.]	[ 224 1745 1548 1650  869  224 2143 1559 1043 1471]	None	None
GRASP	1000	20000	0.03675198554992676	[40.]	[ 552  917 1082  734 2005  552  898  971 1973 1723]	None	None
GRASP	1000	20000	0.03677964210510254	[42.]	[ 469 1265 1845 1780 1739  469 2141 1122 1748 1314]	None	None
GRASP	1000	20000	0.036040306091308594	[42.5]	[ 354 1514 1930 1025  875  354 1043  757  659 1865]	None	None
GRASP	1000	20000	0.03510236740112305	[41.5]	[  17 1865 1738 1766 1160   17 1911 1680  771 1385]	None	None
GRASP	1000	20000	0.034295082092285156	[41.5]	[  14 1437 1514 1778  785   14 1911  757 1567  758]	None	None
GRASP	1000	20000	0.037928104400634766	[42.]	[ 545 1945 1471 1647 1583  545 1973 1514  713 1076]	None	None
GRASP	1000	20000	0.03187131881713867	[44.]	[  83  662  733 1799 1650   83  769 1710 1910 1879]	None	None
GRASP	1000	20000	0.03602409362792969	[40.5]	[ 135 1879 1640 1864 1008  135  882  955 1845 2052]	None	None
GRASP	1000	20000	0.03492093086242676	[39.5]	[ 635  961  977  994 1816  635 1305 1426 1421 1613]	None	None
GRASP	1000	20000	0.034163713455200195	[40.5]	[ 481  852 1838  821 2139  481 1883  688 1841 1015]	None	None
GRASP	1000	20000	0.03880143165588379	[43.5]	[ 567 1176 1864 1883 1891  567 1799 1265 1819 1845]	None	None
GRASP	1000	20000	0.03590703010559082	[43.]	[ 552  758  871 1471 2036  552 1276 2147 1514  757]	None	None
GRASP	1000	20000	0.039952993392944336	[42.5]	[  57 1449 1845  834 1176   57 2069 1234 1891 1950]	None	None
GRASP	1000	20000	0.036356449127197266	[42.]	[ 187 1992 1873 1185  733  187  841 1879 2052 1448]	None	None
GRASP	1000	20000	0.03592729568481445	[41.]	[ 398 2005 1437  758 1514  398  696 1763 1083 1276]	None	None
GRASP	1000	20000	0.03685259819030762	[42.5]	[ 106 1973 1196  968 1566  106  659  948 1043 2098]	None	None
GRASP	1000	20000	0.03652834892272949	[42.]	[ 395 1788 1845 1770  871  395 1532 1451  786 1799]	None	None
GRASP	1000	20000	0.03719758987426758	[43.]	[  28  654 1772  650 1395   28  964 1352 1880 1379]	None	None
GRASP	1000	20000	0.03330636024475098	[40.5]	[ 416 1225 1258 1028 1745  416 1693 1232 1415  834]	None	None
GRASP	1000	20000	0.034516096115112305	[42.]	[ 623 1938 2052 1650  769  623 1250 2073 1879 2031]	None	None
GRASP	1000	20000	0.03267073631286621	[39.5]	[ 502 1018 1528 1232 2079  502 1571 1783  697 2110]	None	None
GRASP	1000	20000	0.0377199649810791	[42.]	[ 486 1667  856 1788 1232  486 2042 1692 1375 1845]	None	None
GRASP	1000	20000	0.03656196594238281	[41.]	[ 459  735 1819 2013 1197  459 1739 1176 1864  841]	None	None
GRASP	1000	20000	0.03681540489196777	[42.]	[ 531 1647 1850  821  712  531 1213 1031 1845 1799]	None	None
GRASP	1000	20000	0.0379633903503418	[41.5]	[ 572 1598 1393 1874 1402  572 1403  843 1871 1351]	None	None
GRASP	1000	20000	0.034729719161987305	[44.5]	[ 615 1448  865 1176 1879  615 1232 1872  673 2110]	None	None
GRASP	1000	20000	0.040329694747924805	[42.5]	[ 374 1232  962 1601 1850  374 1841 1774 1799 1356]	None	None
GRASP	1000	20000	0.03452301025390625	[42.5]	[ 447 1567 1514  734 1865  447 1836 1276  648  659]	None	None
GRASP	1000	20000	0.03737282752990723	[42.]	[ 401  758 1773  869  734  401  733  856 1670  769]	None	None
GRASP	1000	20000	0.032566070556640625	[42.5]	[ 221 1792  676  659 1514  221 1932 1788 2073 1232]	None	None
GRASP	1000	20000	0.03827476501464844	[41.]	[ 507 1019 1265 1650 1831  507 1719 1910 1614  688]	None	None
GRASP	1000	20000	0.03377866744995117	[41.]	[ 551 2152 1470 1486 1843  551  733 1637  869  711]	None	None
GRASP	1000	20000	0.036786556243896484	[40.5]	[ 322 2101 1023 1143 1133  322  757 1566  738 1749]	None	None
GRASP	1000	20000	0.03822946548461914	[42.5]	[ 397 1919 1261  758  943  397 1515  659 1514 1911]	None	None
GRASP	1000	20000	0.03991389274597168	[43.]	[ 248 1927 1650  841 1448  248 1706 1637 1745  673]	None	None
GRASP	1000	20000	0.03538179397583008	[42.]	[  98 1415 2079 1774  871   98 1777 1436 1563 2134]	None	None
GRASP	1000	20000	0.039340972900390625	[41.5]	[ 504 1806 1295 1082 1113  504 1356 1799 1281  771]	None	None
GRASP	1000	20000	0.039464473724365234	[42.]	[ 398 1007 1608  851 1766  398 1566  757  758 1911]	None	None
GRASP	1000	20000	0.03458666801452637	[41.5]	[ 623 1286  856 1563 1624  623  847 1838  834 1716]	None	None
GRASP	1000	20000	0.03722023963928223	[42.5]	[ 258 1314  925 2056  841  258 1748  733 1777 1774]	None	None
GRASP	1000	20000	0.03511786460876465	[43.5]	[ 498 1583 1792 1650 1919  498 1806  738  757 1763]	None	None
GRASP	1000	20000	0.03769063949584961	[41.5]	[ 175 1392 2101 1713  837  175 1792 1919 1024 1514]	None	None
GRASP	1000	20000	0.034470558166503906	[43.]	[ 278 2005 1865 1763 1447  278 1514 1919  771 1709]	None	None
GRASP	1000	20000	0.0360713005065918	[40.5]	[ 110 1390 1186 1826  771  110 1261  734 1124 2005]	None	None
GRASP	1000	20000	0.029378890991210938	[42.]	[ 138  705 1071 1006 1802  138  757  758 1766 1858]	None	None
GRASP	1000	20000	0.036360740661621094	[41.]	[ 170 1929 1824 1687 1314  170 1799 1710 1788 1265]	None	None
GRASP	1000	20000	0.03906869888305664	[41.]	[  29  673 1664 1563 1788   29  822 1864 2052 1845]	None	None
GRASP	1000	20000	0.03180408477783203	[42.]	[  39 1563  769 1819  841   39  673 1517 1980 2110]	None	None
GRASP	1000	20000	0.03534531593322754	[43.5]	[ 349 1766 1778 1288  757  349 1765 1973  659 1713]	None	None
GRASP	1000	20000	0.03623652458190918	[39.5]	[  14 1063  763  837 1638   14 2076  696 1076 1453]	None	None
GRASP	1000	20000	0.03755545616149902	[41.5]	[ 530 1517 1734 1716  871  530 1448 1864 1354 1394]	None	None
GRASP	1000	20000	0.04003763198852539	[42.5]	[ 215 1062  769 1774 1250  215 1838 1845 1780 1087]	None	None
GRASP	1000	20000	0.03820514678955078	[42.5]	[  93 1408  738  659 1608   93 1713 1566 1023 1514]	None	None
GRASP	1000	20000	0.040605783462524414	[41.5]	[ 135 1848 1280 1424 1090  135 1891 1845 1748 1354]	None	None
GRASP	1000	20000	0.03872370719909668	[41.5]	[ 577 1713 1566 1749  750  577 1018  753 1906 1887]	None	None
GRASP	1000	20000	0.034372806549072266	[40.]	[ 128 1566 1514  757 2036  128 1292 2079 1614  917]	None	None
GRASP	1000	20000	0.03617405891418457	[40.5]	[ 614 1597 1917 1926  651  614 1463 2064 1893 1888]	None	None
GRASP	1000	20000	0.037433624267578125	[41.5]	[ 357 1830 1780  822 1301  357  950  865  769 1864]	None	None
GRASP	1000	20000	0.03284406661987305	[42.]	[ 568 1514 1802 1061  659  568 1958 1650 1109 1919]	None	None
GRASP	1000	20000	0.031241893768310547	[40.5]	[ 143  973 1449  807 1799  143 1826 1670  865 1448]	None	None
GRASP	1000	20000	0.04167461395263672	[42.]	[ 592 2052 1845 1018 2141  592 1748 1449 1176 1314]	None	None
GRASP	1000	20000	0.03226184844970703	[42.]	[  91 2052 1788 1879 1429   91 2079 1792 1532 1884]	None	None
GRASP	1000	20000	0.03340506553649902	[43.]	[ 220 1845 1354 1176  733  220 1748 2124 1716  807]	None	None
GRASP	1000	20000	0.03716850280761719	[41.5]	[ 115 1852  673  769 1250  115  733 1820 1232 1748]	None	None
GRASP	1000	20000	0.03516721725463867	[40.5]	[ 366 1346  933 1016 1966  366 1442 1774 1841  834]	None	None
GRASP	1000	20000	0.03643393516540527	[42.5]	[  12 1232 1788  771  930   12  769 1799 2031 1750]	None	None
GRASP	1000	20000	0.03302812576293945	[42.5]	[ 562  769  733 1265 1850  562  847 1845 1872 1066]	None	None
GRASP	1000	20000	0.037929534912109375	[40.5]	[ 395  852 1532 2073 1792  395 1370  929 1716  821]	None	None
GRASP	1000	20000	0.03800630569458008	[40.]	[  81  837 1827  757 1919   81 1690 2059  869 1750]	None	None
GRASP	1000	20000	0.03743410110473633	[42.]	[ 410  702 2139  648  834  410  673 1919 1232  769]	None	None
GRASP	1000	20000	0.03380107879638672	[40.]	[ 148 1820 1471 1113 1391  148 1043 1063 1156 1773]	None	None
GRASP	1000	20000	0.033529043197631836	[39.]	[ 402  899 1393  654 2164  402  706  964 1772 2114]	None	None
GRASP	1000	20000	0.03755331039428711	[41.]	[ 238 2135  771 1302 1471  238 1514 1766  948  757]	None	None
GRASP	1000	20000	0.03977560997009277	[42.5]	[ 368 1766 1464  659 1514  368 2036 1708  968 1604]	None	None
GRASP	1000	20000	0.0384366512298584	[40.5]	[  14  926 2005 1411 1836   14 1562  659  794 2098]	None	None
GRASP	1000	20000	0.04690909385681152	[43.5]	[ 357  740 1841  865 1176  357 1891 1280  673  841]	None	None
GRASP	1000	20000	0.06827211380004883	[42.]	[ 460 1018 1864 1493 1090  460 1031 1122 1748 1845]	None	None
GRASP	1000	20000	0.08586239814758301	[43.5]	[ 545  659  758  837 1919  545  834 1650 1820 1066]	None	None
GRASP	1000	20000	0.10243988037109375	[42.]	[  14 1911 1408  875  837   14 1385 1514 1566 1713]	None	None
GRASP	1000	20000	0.07228899002075195	[38.5]	[ 345 1233 2125 1753 2006  345 1888 1917 1937 1283]	None	None
GRASP	1000	20000	0.04804849624633789	[43.]	[ 491 1919 1802  659 1408  491 1680  758 1865 2005]	None	None
GRASP	1000	20000	0.03956031799316406	[41.]	[  69  843 2012 2041  899   69 1351 1598 1393 1871]	None	None
GRASP	1000	20000	0.03621864318847656	[44.]	[  28  654 1219  650 1880   28 1395 1379 1729 1789]	None	None
GRASP	1000	20000	0.0717170238494873	[41.5]	[ 328 1542 2151 1196  705  328  912 1559  757 1778]	None	None
GRASP	2500	10000	0.11184954643249512	[43.]	[ 452 1090  841  865 1748  452 1788 2161  733 1650]	None	None
GRASP	2500	10000	0.07369208335876465	[43.]	[ 280 1788 1563 1748 1845  280 2024 1906 1864 1449]	None	None
GRASP	2500	10000	0.051067352294921875	[42.]	[ 191 1201 1145 1836  659  191 1014 1045 1271 1778]	None	None
GRASP	2500	10000	0.06974434852600098	[40.]	[  75 1566 2004 1945  757   75 1726 1514 1823  758]	None	None
GRASP	2500	10000	0.07186603546142578	[41.]	[ 326 1778  738 1566 1082  326 1411 1560 1076 1763]	None	None
GRASP	2500	10000	0.05758070945739746	[40.5]	[ 636 1070 2049 1141 1647  636 2139 1834  732  786]	None	None
GRASP	2500	10000	0.06252861022949219	[42.5]	[ 443 1845 1872 1018  865  443 1883 1070 1788 1563]	None	None
GRASP	2500	10000	0.07572150230407715	[42.]	[ 567 2034 1176 1449 2052  567  807 1661  673  769]	None	None
GRASP	2500	10000	0.09207510948181152	[43.]	[ 118  758 1514 1713 1802  118 1930 1160  659  734]	None	None
GRASP	2500	10000	0.09144926071166992	[40.5]	[ 435 1446 1683 1703 2060  435 1724 2106 1136 1162]	None	None
GRASP	2500	10000	0.06599187850952148	[42.5]	[ 274 1415 1637  712  821  274 1140 1799 1626  688]	None	None
GRASP	2500	10000	0.03973841667175293	[43.]	[ 165 1449  856 1788 1090  165 1301 1031 1448 1845]	None	None
GRASP	2500	10000	0.03970003128051758	[40.5]	[ 613  956 1682 1880 1939  613  806  846 1772 1789]	None	None
GRASP	2500	10000	0.040200233459472656	[42.5]	[  44 1563 1448 1449 1845   44 1788 1517 1424  856]	None	None
GRASP	2500	10000	0.07264328002929688	[41.5]	[ 324  968 1476  785 2044  324  757  758 1514 1823]	None	None
GRASP	2500	10000	0.08916425704956055	[42.]	[  94 1276 1519 1919  869   94  878 1878  659 2005]	None	None
GRASP	2500	10000	0.10344648361206055	[41.]	[  88  883 1792 1141  930   88 1788 1232  852 1250]	None	None
GRASP	2500	10000	0.09824824333190918	[43.]	[ 460  860 1891 1176  841  460 1864 1448  865 1449]	None	None
GRASP	2500	10000	0.07691335678100586	[42.]	[ 140  665 1276  734 1919  140 1514 1646 1027 1778]	None	None
GRASP	2500	10000	0.06539154052734375	[43.5]	[   2 1005 2005 1878 1566    2 2151 1514 1865  659]	None	None
GRASP	2500	10000	0.08559489250183105	[42.5]	[ 315  837 1778 1160 1514  315 1076 1589 1763  758]	None	None
GRASP	2500	10000	0.10628700256347656	[41.5]	[ 102 1414 2151  968 1143  102 1778  758 1566  898]	None	None
GRASP	2500	10000	0.11548256874084473	[41.]	[ 205 1860 1583 1158 1966  205 1799 1907 1788  769]	None	None
GRASP	2500	10000	0.10129809379577637	[42.5]	[ 647  962 1907 1799 1415  647 1232 1637 1346 1716]	None	None
GRASP	2500	10000	0.09571051597595215	[44.]	[ 582  841 1862 1819 1176  582  894 2052  865 1845]	None	None
GRASP	2500	10000	0.10138940811157227	[43.]	[ 262  834 1637 1929 1232  262 1799 1415 1356  847]	None	None
GRASP	2500	10000	0.11321759223937988	[39.5]	[ 489 1728 1820  786 1781  489  852  884 1356 1850]	None	None
GRASP	2500	10000	0.09579777717590332	[42.]	[ 286 1992  841 1780 1853  286 1301 1864 1706  865]	None	None
GRASP	2500	10000	0.04225420951843262	[43.5]	[ 112 1777 1415 1745 1250  112 1232  673 1356 1637]	None	None
GRASP	2500	10000	0.03636288642883301	[41.5]	[ 573 1858 1025 1263  758  573 1713  763 1865 1453]	None	None
GRASP	2500	10000	0.03626871109008789	[41.5]	[ 270 1250  792 1397 1788  270 1978 1461 1695  865]	None	None
GRASP	2500	10000	0.04011344909667969	[43.]	[ 349 1361 2005  659 1027  349 2097 1514 1973  758]	None	None
GRASP	2500	10000	0.03949141502380371	[41.5]	[ 135 1782  841 1864 1693  135 1239 1194 1845 1748]	None	None
GRASP	2500	10000	0.03307175636291504	[39.]	[ 532 1917 1893 1283  772  532 1463  967 1100 1730]	None	None
GRASP	2500	10000	0.037980079650878906	[42.]	[ 157 1005 1973  734  758  157  897 1471  933 1919]	None	None
GRASP	2500	10000	0.03421139717102051	[41.]	[ 386 1122  924 1864 2126  386 2046  860  841 1658]	None	None
GRASP	2500	10000	0.03662919998168945	[41.]	[ 488  991 1424 1879  807  488 1178 1397 1788 1716]	None	None
GRASP	2500	10000	0.04769563674926758	[42.5]	[ 163 1799 1715 1449 1788  163 1637  733  769 1517]	None	None
GRASP	2500	10000	0.06710076332092285	[42.5]	[  88  871  688 1841 1447   88 1710 1834  771  834]	None	None
GRASP	2500	10000	0.04151725769042969	[40.]	[  84 2074 1734 1548 1788   84 1066 1799 1650 1834]	None	None
GRASP	2500	10000	0.03687429428100586	[42.]	[ 154 1909  758 1865 1514  154  659  757 2004 1567]	None	None
GRASP	2500	10000	0.0343170166015625	[43.]	[ 394  758 1004  837 1713  394  659 1261 1514 1778]	None	None
GRASP	2500	10000	0.03396892547607422	[42.]	[ 112 1748  856 1706 1927  112  769 1436 1838 1626]	None	None
GRASP	2500	10000	0.04052591323852539	[42.5]	[ 499 1232 1913 1799 1442  499 1637 1788 2139  962]	None	None
GRASP	2500	10000	0.038039207458496094	[40.5]	[ 531 1285 1647 2032 1910  531 1186 1841  834 2079]	None	None
GRASP	2500	10000	0.03563666343688965	[40.5]	[ 123 1880 1939 1789  846  123 1243  654 1832  956]	None	None
GRASP	2500	10000	0.03752470016479492	[43.]	[ 407 1265  733 1883 1879  407 1356 1650 1872 1899]	None	None
GRASP	2500	10000	0.03753924369812012	[42.]	[ 315 1680 1411 1082 1763  315 1471 2005  659 2097]	None	None
GRASP	2500	10000	0.04091620445251465	[42.]	[ 166 1076 1271 1713 2097  166  757 2036  971 1802]	None	None
GRASP	2500	10000	0.08106327056884766	[41.5]	[ 499 1415 1799 1788  733  499 1142 1869 1399 2139]	None	None
GRASP	2500	10000	0.06641459465026855	[41.]	[ 575 1708 1514 1289  758  575 1784  686 1361  911]	None	None
GRASP	2500	10000	0.041286468505859375	[42.]	[  81 1919  688  785 1471   81 1340 1519 1806 1792]	None	None
GRASP	2500	10000	0.0380403995513916	[42.]	[ 376 1415 1601 1250 1670  376 1488 1650  673 1232]	None	None
GRASP	2500	10000	0.03537297248840332	[42.5]	[ 500 1806 1709 1471  802  500 1919  688 1717 2040]	None	None
GRASP	2500	10000	0.052461862564086914	[44.]	[ 630 2034 1448 1872 1563  630  733 1232 1799 1250]	None	None
GRASP	2500	10000	0.03798532485961914	[40.5]	[ 240 1416 1614  681  941  240 1850  871 1142  688]	None	None
GRASP	2500	10000	0.032880544662475586	[41.5]	[ 577 1528 1774 1207  688  577  873 1910  847 1850]	None	None
GRASP	2500	10000	0.03814530372619629	[41.]	[ 339 1471  771 1770 1147  339 1678 1806 1365 1447]	None	None
GRASP	2500	10000	0.04377460479736328	[44.]	[ 637  837  758 2036 1713  637 1878  659 1778 1514]	None	None
GRASP	2500	10000	0.05289053916931152	[42.]	[  47 1667  894 1853 2052   47 1449 1883 1799 1788]	None	None
GRASP	2500	10000	0.09294390678405762	[41.]	[ 200 1713 1878 1749  738  200 1077 1589  720 1911]	None	None
GRASP	2500	10000	0.08895039558410645	[41.5]	[  94 1566 1077  724 1749   94 2036 1785 1713  758]	None	None
GRASP	2500	10000	0.0735330581665039	[43.5]	[   2 1919  944 1471  869    2 1865 2001 1566  738]	None	None
GRASP	2500	10000	0.08305048942565918	[43.]	[ 105  890 1514 1713  758  105  713 1823  757 1111]	None	None
GRASP	2500	10000	0.10160636901855469	[41.]	[ 511  727  954 1717  785  511 1160 1391 1713  734]	None	None
GRASP	2500	10000	0.08384275436401367	[44.]	[  23 1845 1748 2034 1375   23 1716 1448 1788 1879]	None	None
GRASP	2500	10000	0.09389495849609375	[40.5]	[ 443 1734 1449 1448  856  443 1938 1031 1694 1123]	None	None
GRASP	2500	10000	0.07711267471313477	[41.5]	[ 219 1218 1647 1809  834  219 1799  847 1637 1913]	None	None
GRASP	2500	10000	0.04611921310424805	[42.]	[ 429 1288 1763 1765 1566  429 1514  713 1143 1836]	None	None
GRASP	2500	10000	0.05591726303100586	[41.5]	[ 460 1864 2124 1176 2033  460 2126 1366 1448 1706]	None	None
GRASP	2500	10000	0.045941829681396484	[41.]	[ 590 1375  929 1788 1563  590 1070 2091 1716 1090]	None	None
GRASP	2500	10000	0.04292750358581543	[42.]	[ 357 1622 1314 1693 1864  357 1692 1615  841 1845]	None	None
GRASP	2500	10000	0.05905771255493164	[43.]	[ 249  769 1666 1563  905  249 1745 1799 1397 1879]	None	None
GRASP	2500	10000	0.0490565299987793	[42.]	[ 484 1043 1945 1535  758  484  757 1865 1514  713]	None	None
GRASP	2500	10000	0.07646059989929199	[42.]	[ 327  758  948 1749 1514  327  898  903 1713 1778]	None	None
GRASP	2500	10000	0.0560302734375	[42.]	[ 339 1416 1322 1770 1678  339 1471 1919 1447 1806]	None	None
GRASP	2500	10000	0.04432797431945801	[41.5]	[ 554 1277 1563 1748 1788  554 1486 1843 1799 2139]	None	None
GRASP	2500	10000	0.04216790199279785	[41.]	[  43 1632 1777 1548 1141   43  688  821 1850 1583]	None	None
GRASP	2500	10000	0.04177427291870117	[44.]	[ 384 1143 1865  659 2151  384  758  734 1778  713]	None	None
GRASP	2500	10000	0.08004927635192871	[43.5]	[ 637 1749 1713  758 1005  637 1514 2017 1763 1204]	None	None
GRASP	2500	10000	0.08778047561645508	[42.]	[ 324  758 2017 1763  659  324  948  737 1514 2004]	None	None
GRASP	2500	10000	0.10849142074584961	[41.5]	[ 140  746 1147 1447 1806  140  739 1471 1919  944]	None	None
GRASP	2500	10000	0.08123016357421875	[42.5]	[ 324 1411  758  734 1973  324 2097 1143 1763 1113]	None	None
GRASP	2500	10000	0.07937097549438477	[43.5]	[ 380  708 1043  659 2005  380 1749 1778 1160 1836]	None	None
GRASP	2500	10000	0.08178520202636719	[43.]	[ 286 1394 1354 1018 1845  286  841 1862 1176 1938]	None	None
GRASP	2500	10000	0.0582730770111084	[44.]	[  56 1637 1929 1451 1799   56 1788  847 1232 1250]	None	None
GRASP	2500	10000	0.04120349884033203	[41.]	[ 215  693 2127 2107  769  215 1626  733 1265 1449]	None	None
GRASP	2500	10000	0.040849924087524414	[42.5]	[  47 1449 1716 1317 1448   47 1845  841 1031 1693]	None	None
GRASP	2500	10000	0.039637088775634766	[42.5]	[ 274 1436  807 1415 1788  274 1650 2079 1716 1250]	None	None
GRASP	2500	10000	0.07654857635498047	[42.]	[ 642 1879 1405 1449 1090  642 1032 1788 1748 1715]	None	None
GRASP	2500	10000	0.06047224998474121	[41.5]	[ 275  897 2080 1514 1778  275 1111 1566  696 1736]	None	None
GRASP	2500	10000	0.0621640682220459	[42.]	[  38  930 1471 1841 1792   38 1415 1583 1850  732]	None	None
GRASP	2500	10000	0.07470917701721191	[41.]	[ 623 1449 1885 1375 1265  623 2033 1059 1796 1448]	None	None
GRASP	2500	10000	0.08723735809326172	[41.5]	[ 230 1841 1716 1788 1563  230 1186 1745 2139 1791]	None	None
GRASP	2500	10000	0.06350159645080566	[44.]	[ 187  769 1637 1661 1745  187 1650 1250 1799 1788]	None	None
GRASP	2500	10000	0.05301403999328613	[41.]	[ 158 1295  920  734 1836  158 1453  758  757 2105]	None	None
GRASP	2500	10000	0.04938864707946777	[43.]	[  56 1232  847 1281 2079   56 1661  807 1716 1788]	None	None
GRASP	2500	10000	0.05457592010498047	[42.]	[ 187 1774  834  681 1910  187 1799 1614 2087  733]	None	None
GRASP	2500	10000	0.0640873908996582	[42.]	[ 571 1864  865 1853 2126  571 2052 1658  823 1992]	None	None
GRASP	2500	10000	0.05902743339538574	[41.]	[   0 1410 2005 1160 1479    0 1288  659  758 1749]	None	None
GRASP	2500	20000	0.062284231185913086	[44.]	[ 510  757 1713  758 1766  510  979  659  738 1763]	None	None
GRASP	2500	20000	0.06845784187316895	[41.]	[ 433 1745  847  821  840  433 1838 1356 1539 1401]	None	None
GRASP	2500	20000	0.061363935470581055	[43.]	[ 170 1879 1788  821 1910  170 1862 1780 1870 1314]	None	None
GRASP	2500	20000	0.0662989616394043	[42.5]	[ 162 1850 1563 1838 1799  162  821  802 1109 2110]	None	None
GRASP	2500	20000	0.05550575256347656	[43.]	[ 609  865 1265 1090 1774  609 1448 2132 1879 1637]	None	None
GRASP	2500	20000	0.07548117637634277	[40.]	[ 443 2124 1693 1670 1232  443 1647 1835  798  865]	None	None
GRASP	2500	20000	0.05413031578063965	[42.5]	[ 273 1745 2157 1972  834  273 1838 1356  733  673]	None	None
GRASP	2500	20000	0.03978991508483887	[42.]	[ 145 1710 1471  737 1514  145 1763  713 1124  758]	None	None
GRASP	2500	20000	0.042142629623413086	[43.]	[ 294 1448  733 1864 1449  294 1401  856 1799 1745]	None	None
GRASP	2500	20000	0.040456295013427734	[43.]	[ 286 1845 1637  865 1265  286 1992 1122 1716 1932]	None	None
GRASP	2500	20000	0.05723905563354492	[42.]	[ 233 1176 1864  860 1265  233 1639 1799 1532 1394]	None	None
GRASP	2500	20000	0.04285478591918945	[43.]	[ 530 1232  769 1250 1850  530 1661  821  865 1845]	None	None
GRASP	2500	20000	0.04239940643310547	[43.]	[ 265 1583 1415 1845 1788  265 1799  865 1493 1448]	None	None
GRASP	2500	20000	0.04143691062927246	[43.]	[ 449 2052  749  841 1864  449 1788 1845 1716 1090]	None	None
GRASP	2500	20000	0.0547795295715332	[44.]	[  56 1451 1799 1788  856   56 2079 1232  733 1841]	None	None
GRASP	2500	20000	0.050347328186035156	[42.]	[ 428 1470 2161 2071 1845  428 1788 1864 1927 1449]	None	None
GRASP	2500	20000	0.058789730072021484	[42.]	[ 244 1087 1493 1780 1853  244 1739  841 1864 2126]	None	None
GRASP	2500	20000	0.051943302154541016	[42.5]	[ 571 1250  769 1845 1090  571 2132  841 1087 2038]	None	None
GRASP	2500	20000	0.05678606033325195	[43.]	[ 394 1865 1471 1111 1447  394 1514  659  757 1608]	None	None
GRASP	2500	20000	0.05720376968383789	[42.]	[  81  837  757  758 1749   81  786  852 1650 1142]	None	None
GRASP	2500	20000	0.06808686256408691	[42.5]	[  83 1637 1891 1845 1265   83 2124  925 1019 1563]	None	None
GRASP	2500	20000	0.06047248840332031	[42.]	[ 184 1018 1647 1782 1706  184 1845 1716 1799  841]	None	None
GRASP	2500	20000	0.0595550537109375	[43.]	[ 135 1493 1864 1122  871  135 1484  841 1819 1841]	None	None
GRASP	2500	20000	0.05990099906921387	[42.]	[ 199 1362 2140 1451 1792  199  758  757  738 1766]	None	None
GRASP	2500	20000	0.08067154884338379	[42.]	[ 524 1090  856 1864 1780  524 1992 1448 1563  761]	None	None
GRASP	2500	20000	0.06958222389221191	[43.]	[ 391 1773 1749 1973 1076  391  758 1792 1566 1514]	None	None
GRASP	2500	20000	0.08572053909301758	[41.5]	[ 446 1917 1888  651 1617  446 1597 1893 1926  772]	None	None
GRASP	2500	20000	0.09383821487426758	[42.]	[ 643  757 1261 1763 1909  643 1947  738 1514 1713]	None	None
GRASP	2500	20000	0.06427788734436035	[44.]	[ 424 1232 1927 1792  834  424 1250  769 1841 1913]	None	None
GRASP	2500	20000	0.04173755645751953	[42.]	[ 532 1283 1888 1893 1617  532 1001 1756 1917  772]	None	None
GRASP	2500	20000	0.04134726524353027	[42.5]	[ 604 1879 1356 1517 1850  604  733 1637 2124 1845]	None	None
GRASP	2500	20000	0.04475569725036621	[42.5]	[ 594 1008 1281  769 1891  594 1066  865 1845 1176]	None	None
GRASP	2500	20000	0.03859543800354004	[43.5]	[ 135 1879 1845 1637 1232  135 1415 1864 1891 1992]	None	None
GRASP	2500	20000	0.05591726303100586	[42.5]	[ 322 1713 1841  834 1919  322  659 1143 1802  713]	None	None
GRASP	2500	20000	0.0666205883026123	[42.5]	[  36  968 1411 1973  737   36  962  763 2005 1865]	None	None
GRASP	2500	20000	0.05131387710571289	[41.5]	[ 268 1662 1853 1906 1397  268 1799  869 1841 1929]	None	None
GRASP	2500	20000	0.07428359985351562	[42.]	[ 310 1864 1232 1799 1788  310 1442  662 2134  769]	None	None
GRASP	2500	20000	0.055333852767944336	[40.]	[ 647  786 1176 1448 1845  647  952  902 1258 1791]	None	None
GRASP	2500	20000	0.10564613342285156	[41.]	[ 647 1650  821 2072 1667  647 1845 1517 1819 1906]	None	None
GRASP	2500	20000	0.19885563850402832	[42.]	[ 148  869 1447 1488 1637  148 1945 1514  738 1143]	None	None
GRASP	2500	20000	0.16401267051696777	[42.5]	[  28 1395 1815 1379  654   28 1352 1430 1875  650]	None	None
GRASP	2500	20000	0.060353994369506836	[41.]	[ 520 1517 1799  834  769  520  681 1845 1819 1906]	None	None
GRASP	2500	20000	0.05319857597351074	[41.]	[ 253 1285 1845 1278 1693  253 1780  865 1716 1448]	None	None
GRASP	2500	20000	0.0647425651550293	[43.5]	[ 247 1176 1748 2052 1931  247 1354  841 1845 1872]	None	None
GRASP	2500	20000	0.05775880813598633	[43.]	[ 633 1025  758 1778 1111  633 1911  738  737 2151]	None	None
GRASP	2500	20000	0.05341506004333496	[42.5]	[ 220 1528 1415 1650 1637  220 1799  673 1710 2110]	None	None
GRASP	2500	20000	0.06636381149291992	[42.5]	[ 358 1280 1845  841 1008  358 1879 1838  688 1799]	None	None
GRASP	2500	20000	0.06546330451965332	[40.]	[ 333  758 1631 1515 1005  333  834  802 1261 1820]	None	None
GRASP	2500	20000	0.06337404251098633	[41.5]	[ 645 1874  650 1379 1466  645 1590 1707 1343 1395]	None	None
GRASP	2500	20000	0.09458613395690918	[44.]	[ 447  712 1806  869  708  447  771 1850  821 1471]	None	None
GRASP	2500	20000	0.10445761680603027	[41.5]	[ 460  950 1692 1845 2034  460 1314 1799 1788 1250]	None	None
GRASP	2500	20000	0.06473398208618164	[42.]	[ 636  905 1448 1232 1799  636 1824 1850 1401  834]	None	None
GRASP	2500	20000	0.06338214874267578	[42.5]	[ 249  807  847 1250 1716  249 1436 1424  840 1788]	None	None
GRASP	2500	20000	0.08018875122070312	[44.]	[ 380  757  659 1823 1111  380 1836  837  734 1471]	None	None
GRASP	2500	20000	0.08441781997680664	[42.5]	[ 124  856  769 2132 1449  124  794  738 1713  696]	None	None
GRASP	2500	20000	0.08170795440673828	[42.5]	[ 391 1567 2005 1471 1806  391 1713 1878  916  758]	None	None
GRASP	2500	20000	0.06279540061950684	[41.]	[ 303 1236 1864  841  872  303 1436 1967 1356 1265]	None	None
GRASP	2500	20000	0.08337545394897461	[43.5]	[  57 1872 1232 1992 1265   57 1122 1018  871 1819]	None	None
GRASP	2500	20000	0.07643938064575195	[42.5]	[ 502 1967 1864 1799 1488  502  712 1471 1637  834]	None	None
GRASP	2500	20000	0.09051895141601562	[43.]	[ 427  834 1841 1850 1186  427  837 1143 1773  734]	None	None
GRASP	2500	20000	0.0992887020111084	[41.5]	[  98 1556 1788 1799 1850   98  763 2014  837  711]	None	None
GRASP	2500	20000	0.07766127586364746	[43.]	[  60 1650 1841  834 1670   60  758  696 1082 1973]	None	None
GRASP	2500	20000	0.057871103286743164	[42.5]	[ 442 1447  847 1207 1799  442 1879 1927 2161 1346]	None	None
GRASP	2500	20000	0.056777000427246094	[42.]	[ 166  794 2122 2036  659  166 1641  758  737 1763]	None	None
GRASP	2500	20000	0.06302022933959961	[43.]	[ 629 1880 1815  654 1874  629 1318 1732 1789 1776]	None	None
GRASP	2500	20000	0.05387711524963379	[43.]	[ 442 2005  688  771 1958  442 1850  769 1207 1327]	None	None
GRASP	2500	20000	0.06368517875671387	[41.5]	[ 578 2033 1841 1931  930  578 2161 1788 1927 1563]	None	None
GRASP	2500	20000	0.07705473899841309	[42.5]	[ 288 1864 2132 1879  841  288 1891 2033 1449  761]	None	None
GRASP	2500	20000	0.07055449485778809	[42.5]	[ 564 1514  659 1919  758  564 1868 1147  771  713]	None	None
GRASP	2500	20000	0.06020998954772949	[42.]	[  88 1967  681 1919 1770   88 1799 1879 1872  821]	None	None
GRASP	2500	20000	0.06802821159362793	[42.5]	[ 118 1973 1261 1778 1836  118 1766 2005 1878  911]	None	None
GRASP	2500	20000	0.06198596954345703	[43.5]	[  28  650 1067  654 1880   28 1430 1379 1395 1815]	None	None
GRASP	2500	20000	0.0636289119720459	[42.]	[ 258 1346 1799 1864 1782  258  924 2052 1845  841]	None	None
GRASP	2500	20000	0.0677332878112793	[42.5]	[ 488 2132 1883  841 2052  488 1845 1176 1449 1448]	None	None
GRASP	2500	20000	0.057743072509765625	[42.5]	[ 634  865 1845  872 1927  634 1174  841 1655 1232]	None	None
GRASP	2500	20000	0.055535316467285156	[43.]	[ 609 1232 1864  834  688  609  769  872  753 1879]	None	None
GRASP	2500	20000	0.05565023422241211	[42.]	[ 625 1799 1845 1841 1356  625 1986  733 1907 1563]	None	None
GRASP	2500	20000	0.04071998596191406	[42.5]	[ 185 1799  871 1806  688  185 1774  769 1568 2040]	None	None
GRASP	2500	20000	0.03918266296386719	[43.]	[  91 1782  841  821  662   91  733 1885 1132 1693]	None	None
GRASP	2500	20000	0.03784465789794922	[41.5]	[ 639  753 1913 1637 1788  639 1514 2040  734 1295]	None	None
GRASP	2500	20000	0.03902697563171387	[43.]	[ 191 2005 1514 1567 1566  191 1471 1143  659 1811]	None	None
GRASP	2500	20000	0.05366873741149902	[42.5]	[ 585  665 2005 1453  757  585 1232  880 1315 1878]	None	None
GRASP	2500	20000	0.04317021369934082	[42.5]	[ 220 2088 1780 1864 1176  220 1932 1799 1250  834]	None	None
GRASP	2500	20000	0.03699803352355957	[42.5]	[  83  673 1872 1799 1838   83 1957 1685 1774 1207]	None	None
GRASP	2500	20000	0.042130470275878906	[43.5]	[ 552 1841  758  890 1911  552  757  837 1535 1766]	None	None
GRASP	2500	20000	0.03577756881713867	[42.5]	[ 441 1788 1792 1841 1449  441 2157  871  834 1517]	None	None
GRASP	2500	20000	0.04062604904174805	[43.]	[ 383  869 2005 1361  659  383  734 1514 1836 1765]	None	None
GRASP	2500	20000	0.04223275184631348	[43.]	[ 118 2005 1766  771 1919  118 1579 1878 1566  699]	None	None
GRASP	2500	20000	0.04341411590576172	[43.5]	[ 607 1471 1820 1792 1514  607  757 1673 1763 1911]	None	None
GRASP	2500	20000	0.042110443115234375	[43.5]	[ 522  738 1766 2005  869  522 1276  659  890 1911]	None	None
GRASP	2500	20000	0.051857948303222656	[42.5]	[  95 1838 1864 1845 1378   95 1919 1471 1415 1232]	None	None
GRASP	2500	20000	0.0809326171875	[41.5]	[ 465 1599 1737 2046  753  465 1834  821 1788 1250]	None	None
GRASP	2500	20000	0.07248950004577637	[41.5]	[  34 1442 1845 1563 1142   34  841 1030 1992 1748]	None	None
GRASP	2500	20000	0.05998349189758301	[43.5]	[ 566 1402 1598 1744 1398  566 1893  651 1917 1617]	None	None
GRASP	2500	20000	0.04462385177612305	[42.]	[ 157 1650 1913 1745 1232  157 1276 1766  738 1076]	None	None
GRASP	2500	20000	0.03881263732910156	[44.]	[  71  738  659 1514 1919   71 1566 1806  758 1453]	None	None
GRASP	2500	20000	0.05048704147338867	[42.5]	[ 284 1378  834 1356 1845  284 1250 1931  662 1799]	None	None
GRASP	2500	20000	0.059546470642089844	[43.]	[ 473 1566 1608 1878 1160  473 1973  757  738  758]	None	None
GRASP	2500	20000	0.05048966407775879	[42.]	[ 315 1500 1884 2005  837  315 1514  869  758 1836]	None	None
GRASP	2500	20000	0.04271554946899414	[42.]	[  73 1879 1864 1232  769   73 1949  894 1845 1799]	None	None
GRASP	500	10000	0.1642625331878662	[41.5]	[ 564  734 1361  659 2151  564 1919  898 1471 1979]	None	None
GRASP	500	10000	0.2374556064605713	[42.5]	[ 486  894 1927 1872 1845  486 1563 1788 1879 1812]	None	None
GRASP	500	10000	0.16534972190856934	[41.5]	[ 430  852  769 1356 1650  430 1517 1449 1845 1883]	None	None
GRASP	500	10000	0.15955448150634766	[42.5]	[ 101  758 1514 1023 1911  101  890  757 1749 2080]	None	None
GRASP	500	10000	0.13975024223327637	[43.]	[  94 1514  875  659 1865   94 1713  794  696  738]	None	None
GRASP	500	10000	0.14621186256408691	[42.5]	[ 596 1841  739 1792 1207  596 1806 1261 1919 1850]	None	None
GRASP	500	10000	0.1504993438720703	[42.5]	[ 599  757 1911  665  659  599 1514 1192 1802 1061]	None	None
GRASP	500	10000	0.14559555053710938	[43.]	[ 391 1566 1514  758 2036  391  686 1143  738 1865]	None	None
GRASP	500	10000	0.12932634353637695	[42.5]	[ 395 1845 1879  856 2135  395  733 1716 1232 1913]	None	None
GRASP	500	10000	0.13257360458374023	[40.5]	[ 236  758  738 1566 2151  236 1514  757 1858 2096]	None	None
GRASP	500	10000	0.1485135555267334	[42.]	[ 397 1802 1514  734  758  397  869 1919 2044 1827]	None	None
GRASP	500	10000	0.14069890975952148	[41.]	[ 374 1314 1090 1346 1872  374 1563  929 1812 1375]	None	None
GRASP	500	10000	0.13717436790466309	[43.]	[ 337 1160  758 1566 1763  337 1143  757 2153 1515]	None	None
GRASP	500	10000	0.1443624496459961	[43.5]	[ 442  834 1207 1583 1850  442  821 1415 1650  673]	None	None
GRASP	500	10000	0.1344163417816162	[40.5]	[ 339 1625 1286 1063 1340  339 2040 1919 1447  771]	None	None
GRASP	500	10000	0.13782143592834473	[42.5]	[ 482 1834  681 1910  834  482  733 1716  769 1788]	None	None
GRASP	500	10000	0.1474473476409912	[41.5]	[ 135 1812 1087  753 1872  135 1706 1879  841 1845]	None	None
GRASP	500	10000	0.14169836044311523	[41.5]	[ 456  758 1045 1708  903  456 1514 1763  659  837]	None	None
GRASP	500	10000	0.1448826789855957	[42.]	[ 106 1763 1865 1479  676  106  758 1262  898 1802]	None	None
GRASP	500	10000	0.13221240043640137	[44.]	[ 525 1788 1745 1356  847  525 1415  807  769 1799]	None	None
GRASP	500	10000	0.14909887313842773	[42.]	[ 486  925 1449 1845 1448  486  702 2034 1087 1692]	None	None
GRASP	500	10000	0.13327479362487793	[41.]	[ 286 1876 1314 1087  894  286 1992 1891 1819 1122]	None	None
GRASP	500	10000	0.14081263542175293	[42.5]	[ 519 1082 1514  757 1911  519  738 1566 1312 1763]	None	None
GRASP	500	10000	0.1689610481262207	[41.5]	[  87 1806 1471 2040  648   87 1453 1919  785 1007]	None	None
GRASP	500	10000	0.15344667434692383	[42.5]	[ 381  769 1517 1990 1563  381 1397  807 1716 1799]	None	None
GRASP	500	10000	0.15259957313537598	[41.5]	[ 620  758 1785 1005 1410  620  659  750 2080  738]	None	None
GRASP	500	10000	0.1555953025817871	[41.5]	[ 106 1082  758  665 1778  106  908 1519 1827 2097]	None	None
GRASP	500	10000	0.15273642539978027	[42.]	[ 594 1090 1301 1378 1845  594 1780 1354 1449 1748]	None	None
GRASP	500	10000	0.1287670135498047	[41.]	[ 416  962 1716 1397 1626  416 1486 1647 1442 1799]	None	None
GRASP	500	10000	0.14409828186035156	[40.5]	[ 206 1354  702 1250 1626  206 2073 1436 1834 2110]	None	None
GRASP	500	10000	0.14336776733398438	[41.5]	[ 339 1340 1471 1063 1770  339 1147 2040 1919 1806]	None	None
GRASP	500	10000	0.14012694358825684	[44.]	[  91  847 1397 1799 1788   91 1087 1394 1748 1872]	None	None
GRASP	500	10000	0.12555289268493652	[42.5]	[ 637 1437  897  686 2005  637 2040 1471  869 1276]	None	None
GRASP	500	10000	0.12406229972839355	[41.5]	[ 256  999 1745 1338 1232  256 1218 1356  847 2076]	None	None
GRASP	500	10000	0.15609502792358398	[41.5]	[ 212 1453  758  837 1909  212 1413  750 1024 1738]	None	None
GRASP	500	10000	0.1404116153717041	[42.]	[ 630 2073 1681 2091 1250  630  733 1232 1788 1799]	None	None
GRASP	500	10000	0.14624381065368652	[42.]	[ 486  955 1780 1845 1449  486 1265 1394 1448 2052]	None	None
GRASP	500	10000	0.1349349021911621	[43.]	[ 286 1992 1845 1879 1563  286 1449 1693 1748 2052]	None	None
GRASP	500	10000	0.16798734664916992	[42.]	[ 624  869  758 2036 1802  624 2080 1271 1514 1785]	None	None
GRASP	500	10000	0.15140366554260254	[42.]	[  84 1232 1799 1415 1250   84 1563 1265 1517 1788]	None	None
GRASP	500	10000	0.12958192825317383	[41.5]	[ 599 1289  659 1160 1708  599 1763  898  758 1262]	None	None
GRASP	500	10000	0.14983558654785156	[41.]	[ 258 1845 2072 1449 1087  258 1780 1692 1031 2046]	None	None
GRASP	500	10000	0.1515655517578125	[41.]	[ 471 1758  753 1517 1783  471  807 1265 1879 1250]	None	None
GRASP	500	10000	0.1335620880126953	[41.5]	[  75 1411 1111 1124 1778   75  659 1749 1514 2080]	None	None
GRASP	500	10000	0.15369749069213867	[43.]	[ 259 1845 1179  841 1748  259 1799 1140 1745 1788]	None	None
GRASP	500	10000	0.14101672172546387	[43.]	[ 247 1626  769  733  847  247 1716 1619 1799 1532]	None	None
GRASP	500	10000	0.14485692977905273	[41.5]	[ 381 2135 1346 1845  769  381 1018  856 2102 1872]	None	None
GRASP	500	10000	0.14656925201416016	[41.5]	[ 451 1950 1864  865 1449  451 2124  841  929 1448]	None	None
GRASP	500	10000	0.13589739799499512	[42.]	[ 643  758  738 1713 1514  643  724 1566 1749 2105]	None	None
GRASP	500	10000	0.13045525550842285	[42.5]	[ 519 1785 1023 1566 1411  519  869 1514  738 1749]	None	None
GRASP	500	10000	0.1483616828918457	[43.]	[ 374 1449 1845  841  860  374 1879  769  733 2031]	None	None
GRASP	500	10000	0.14185667037963867	[41.]	[ 590  753 1277 2132  865  590 1397 2117  769 2031]	None	None
GRASP	500	10000	0.13464570045471191	[43.]	[ 598  890  758 1802  757  598 1043 1778  738 1514]	None	None
GRASP	500	10000	0.14109230041503906	[43.]	[ 643  738  659  734 1778  643 1043 2151 1566 1514]	None	None
GRASP	500	10000	0.15630078315734863	[42.5]	[ 342 1783  807  733 1799  342 1647  834 1841 1850]	None	None
GRASP	500	10000	0.22513222694396973	[42.]	[ 286 1031 1845 1239  841  286 1176 1992 1706 1872]	None	None
GRASP	500	10000	0.13913512229919434	[41.5]	[ 590 1805 1788 1845 1449  590 1448 1265  929 1748]	None	None
GRASP	500	10000	0.20523762702941895	[42.5]	[ 102 1919 1566  696  794  102  737  738 1408 1604]	None	None
GRASP	500	10000	0.320667028427124	[42.]	[  96  793 1449 1448 2052   96 1250 1488  769 1879]	None	None
GRASP	500	10000	0.33331918716430664	[42.]	[ 486 1855 1767  841 1493  486 1845 1449 1912 1354]	None	None
GRASP	500	10000	0.20911502838134766	[42.]	[ 568  738 1749 2014 1204  568 2151 1763 2080 1160]	None	None
GRASP	500	10000	0.15243077278137207	[41.]	[ 525  739 1710 2110  834  525 1980 1788 1517 1872]	None	None
GRASP	500	10000	0.17275738716125488	[42.]	[ 110 1290  834 1647 1841  110  688 1850 1792 2110]	None	None
GRASP	500	10000	0.15176963806152344	[41.5]	[ 311  865 1349 1748 1449  311 1845 1927 1883 1448]	None	None
GRASP	500	10000	0.1491250991821289	[42.]	[ 486 1078 1845 1301 1449  486 1087 1864 1314 1448]	None	None
GRASP	500	10000	0.14063096046447754	[42.5]	[ 571 2124  841 1176 1031  571 1448 1301 2116 2126]	None	None
GRASP	500	10000	0.13097500801086426	[43.5]	[ 630 1532  834  769 1788  630 1799 1650 1356 1980]	None	None
GRASP	500	10000	0.1360006332397461	[41.]	[ 564 1222 1276 2036 1514  564 1566  698  758 1802]	None	None
GRASP	500	10000	0.1380162239074707	[41.5]	[ 110 1471 1156  902 1792  110 1850  711  930 1841]	None	None
GRASP	500	10000	0.13505125045776367	[42.]	[ 320 1517  856 1265 1845  320 1799 1716  733 1788]	None	None
GRASP	500	10000	0.15294575691223145	[40.5]	[ 379  659 1077 1749 1566  379 1208 2105  908  777]	None	None
GRASP	500	10000	0.14017558097839355	[42.5]	[ 381 1619 1820  834  733  381  929 1788  769  807]	None	None
GRASP	500	10000	0.14157366752624512	[42.5]	[ 250 1872 1232 1250 1799  250 1873 1626 1757 1356]	None	None
GRASP	500	10000	0.15320205688476562	[42.5]	[ 148  659 1408  734 1865  148  713  758 1453 1738]	None	None
GRASP	500	10000	0.13098907470703125	[42.5]	[ 247 1018  733 1517 1799  247 1563 1788 1436  769]	None	None
GRASP	500	10000	0.13794779777526855	[43.]	[ 135 1449  865 1354 1845  135 1517 1563 1748 1448]	None	None
GRASP	500	10000	0.14058971405029297	[42.]	[  94 1361 2059  659 1763   94 1205 1471 1919  869]	None	None
GRASP	500	10000	0.13832950592041016	[41.]	[ 253  841  894 1780 1449  253 1883 1031 2132 1692]	None	None
GRASP	500	10000	0.14020276069641113	[42.5]	[ 406 1589 1514  758 2004  406  738  757 1566 1749]	None	None
GRASP	500	10000	0.13805294036865234	[43.]	[ 555 1532 1967 1838 1710  555 1356 1232 1745  847]	None	None
GRASP	500	10000	0.1405503749847412	[42.5]	[ 473 1778 1743  891 1002  473 1514  713  758 1749]	None	None
GRASP	500	10000	0.13768649101257324	[43.5]	[  78 1788 1716 1532 1563   78  769 1931 1745 1799]	None	None
GRASP	500	10000	0.14213776588439941	[41.]	[ 504 1985 1363 1437  869  504 1207  834  688 1841]	None	None
GRASP	500	10000	0.13689661026000977	[42.5]	[ 363  860 1176 1891  841  363  865 1819 1992 1845]	None	None
GRASP	500	10000	0.14481854438781738	[42.]	[ 215 1883 1748 1799 1232  215 1517 1650  673 2120]	None	None
GRASP	500	10000	0.12845134735107422	[42.5]	[ 437  659  837  727 2093  437 1514  713 1143 1749]	None	None
GRASP	500	10000	0.12862491607666016	[42.5]	[ 259 1955 1488 1232 1872  259 1667 1879 1250 1799]	None	None
GRASP	500	10000	0.15178513526916504	[42.5]	[  94 1865 1025  708  837   94 2005 1566 2022  659]	None	None
GRASP	500	10000	0.13483905792236328	[41.5]	[ 313 2102  761 1448  733  313 1799  769  834  681]	None	None
GRASP	500	10000	0.14007282257080078	[42.]	[ 106 1514 1763 2014 1555  106 1111 2097 1865 1361]	None	None
GRASP	500	10000	0.12734556198120117	[43.]	[ 349  794 1566  659 1749  349  891 1006 1514 2151]	None	None
GRASP	500	10000	0.1378941535949707	[41.5]	[ 628 1799  921  856 1899  628 1018 1788 2117 1626]	None	None
GRASP	500	10000	0.1348254680633545	[42.]	[ 571 1845 1449  894 1692  571  865 1448 2052 1805]	None	None
GRASP	500	10000	0.2131204605102539	[43.5]	[ 259 1637 1799 1436 1716  259 1449 1872 1087 1845]	None	None
GRASP	500	10000	0.27648067474365234	[42.]	[ 473 1738 2098  794 1589  473 1437 1836 1566  659]	None	None
GRASP	500	10000	0.24524211883544922	[44.]	[ 511  738  698  758 1713  511  708 1514 1566 1763]	None	None
GRASP	500	10000	0.1814115047454834	[42.5]	[ 484 1749  758  757 2005  484  659 1680 1408 2036]	None	None
GRASP	500	10000	0.14640522003173828	[43.5]	[ 140 1327 1919 1471 1806  140  708 1778  758  869]	None	None
GRASP	500	10000	0.14589452743530273	[43.]	[ 349  750 1542  713 1763  349  758 1076 1646 1749]	None	None
GRASP	500	10000	0.16404175758361816	[42.5]	[ 473  940 1380 2097 1827  473 1763 1778  734  758]	None	None
GRASP	500	20000	0.15048503875732422	[43.5]	[ 442 1860  769  865 1748  442 1015 1799 1788 1650]	None	None
GRASP	500	20000	0.17080187797546387	[41.5]	[ 233 1378 1864 1845 1927  233 2088 1449 1841 1980]	None	None
GRASP	500	20000	0.16655611991882324	[43.]	[ 511  948 1749 1560  738  511  890  758  757 1919]	None	None
GRASP	500	20000	0.1678023338317871	[40.5]	[ 248 1845 1449 1078 2126  248  958 1278  702 2034]	None	None
GRASP	500	20000	0.24326634407043457	[42.5]	[ 460 1799  673 1448  856  460 1346 1451 1864 1845]	None	None
GRASP	500	20000	0.1529998779296875	[44.5]	[  78 1845 1354 1788 1850   78 1838 1748 1250  769]	None	None
GRASP	500	20000	0.1517472267150879	[42.5]	[  87  738 1192  948 1766   87 1911  869 1160 2151]	None	None
GRASP	500	20000	0.16887879371643066	[43.5]	[ 102 1514 1911  705 1479  102  786  771 1471 2040]	None	None
GRASP	500	20000	0.1678609848022461	[42.5]	[ 206 1845 1448 1250 1716  206 1918  702 1788  865]	None	None
GRASP	500	20000	0.16772747039794922	[41.5]	[ 212 1738 1514  834 1710  212 1765  738 1204 1750]	None	None
GRASP	500	20000	0.1681821346282959	[44.]	[ 525  733 1090 1850 1841  525  834  865 1356 1799]	None	None
GRASP	500	20000	0.15826129913330078	[42.]	[ 106 1719 1272 1589  785  106 1514 1703  738 1763]	None	None
GRASP	500	20000	0.15731024742126465	[43.5]	[ 442  900 1799 1716  673  442 1232  802 1838 1670]	None	None
GRASP	500	20000	0.1725459098815918	[42.5]	[ 430  733  769  821 1841  430 1019 1845 1451 1799]	None	None
GRASP	500	20000	0.2704942226409912	[42.]	[ 383  713  734 2138 1865  383  659  785 1514 2005]	None	None
GRASP	500	20000	0.1690049171447754	[42.5]	[ 378  794  705 1763 1411  378  758  659  771 1680]	None	None
GRASP	500	20000	0.15714049339294434	[43.]	[ 569  834 1799  769 1820  569 1415  924 1891 1640]	None	None
GRASP	500	20000	0.21873116493225098	[43.]	[ 170 1321 1864 1449  865  170  841 1879 1927 1366]	None	None
GRASP	500	20000	0.25948071479797363	[42.]	[ 135  865 1346 1845 1841  135 1394 1451 1850  662]	None	None
GRASP	500	20000	0.19015955924987793	[41.5]	[ 259 1059  702  733 1841  259 1872 1864 2124  841]	None	None
GRASP	500	20000	0.19619178771972656	[43.]	[ 170  865 1176 1109 1637  170 1883  841 1132 1845]	None	None
GRASP	500	20000	0.25179028511047363	[42.5]	[ 288  753  673 1872 1879  288 1018 1265 1415 1883]	None	None
GRASP	500	20000	0.3034553527832031	[42.5]	[ 177  771 1841 1232  834  177  659 1749  911  885]	None	None
GRASP	500	20000	0.1545412540435791	[43.]	[ 510  758 1514 1718 1589  510 1719  771 1566 1763]	None	None
GRASP	500	20000	0.2686767578125	[44.]	[ 511 1566 1749  758 1514  511 1763 1111  713  875]	None	None
GRASP	500	20000	0.16693687438964844	[42.5]	[ 565  724  771 1911 1865  565  758  734  837 2080]	None	None
GRASP	500	20000	0.15832948684692383	[42.5]	[ 331  738  659 1726  869  331 1176 1788 1799 1626]	None	None
GRASP	500	20000	0.16017746925354004	[42.5]	[ 406 1312 1261 1566 1766  406  771 1471 1792 1841]	None	None
GRASP	500	20000	0.16626834869384766	[42.5]	[ 430 1650  769 1931 1740  430  733 1090 1879 1845]	None	None
GRASP	500	20000	0.1627824306488037	[42.]	[ 492 1471 1514  698 2005  492 1827  794 1076  758]	None	None
GRASP	500	20000	0.1611945629119873	[41.5]	[ 215 1819  733 1834 1838  215 2142 1019 2052 1563]	None	None
GRASP	500	20000	0.2820401191711426	[43.5]	[ 598 1802  758 1850 1841  598 1113  757 1566 1713]	None	None
GRASP	500	20000	0.1870594024658203	[43.]	[ 249  841 1031 1517 1748  249  865 1250 1448 1864]	None	None
GRASP	500	20000	0.1505134105682373	[42.]	[ 170 1684  733 1449 1346  170 1090  834 1176 2063]	None	None
GRASP	500	20000	0.1620481014251709	[44.5]	[ 551  733 1650  771 1716  551  847 1471  834 1919]	None	None
GRASP	500	20000	0.1613175868988037	[44.]	[ 191 1566 1207  771 1792  191  738 1471 1261 1850]	None	None
GRASP	500	20000	0.17905569076538086	[41.5]	[ 502 2139 1109 1895 1716  502 1232  856 1879 2031]	None	None
GRASP	500	20000	0.16208934783935547	[42.5]	[ 168  769  841 1748 1812  168 1176 1650  856 1301]	None	None
GRASP	500	20000	0.1609947681427002	[43.5]	[ 564 1919 1792 1232 1910  564 1766 1514  758  713]	None	None
GRASP	500	20000	0.1597912311553955	[44.5]	[ 442  802 1322 1792 1841  442 1571  847  856 1788]	None	None
GRASP	500	20000	0.19348573684692383	[42.]	[ 628 1449 1356  769 1845  628 1563 1583 2140 1799]	None	None
GRASP	500	20000	0.1518259048461914	[42.]	[ 374 1449 1931 1090 1764  374 1448  865 1799 1788]	None	None
GRASP	500	20000	0.1815013885498047	[42.]	[ 595 1716  771 1207 1841  595 1913 1250 1834 2110]	None	None
GRASP	500	20000	0.143082857131958	[42.]	[ 106  785 2004 1514 1589  106  738 1634 1566  659]	None	None
GRASP	500	20000	0.1517200469970703	[42.5]	[ 519  758 1160  659 1911  519 1514  757  869 1750]	None	None
GRASP	500	20000	0.15190649032592773	[44.]	[ 381 1250 1265 1992 1449  381  821  771 1792 1788]	None	None
GRASP	500	20000	0.15733766555786133	[42.5]	[ 594 1599 1788 1745 1716  594  871 1020  856 1692]	None	None
GRASP	500	20000	0.1520383358001709	[41.5]	[ 471 2139 1782  733  753  471  905  821 1799 1745]	None	None
GRASP	500	20000	0.14850878715515137	[43.5]	[ 620  819 1471  758 2036  620  738  757 1911 1514]	None	None
GRASP	500	20000	0.1549363136291504	[43.5]	[ 286  807 1232  733 1992  286  841  769 1493 1864]	None	None
GRASP	500	20000	0.14400553703308105	[43.]	[ 498  758  708 1514 1865  498  757 1802  771 1147]	None	None
GRASP	500	20000	0.16353178024291992	[43.]	[  76 1471  869  688 1841   76 1799  841 1176  834]	None	None
GRASP	500	20000	0.1661999225616455	[43.]	[ 545 1211 1792 1806  771  545 1261  758 1143 2105]	None	None
GRASP	500	20000	0.18434524536132812	[42.]	[ 135  753  841 1927 1449  135 1277 1780 1176 1879]	None	None
GRASP	500	20000	0.4161238670349121	[43.5]	[ 594 1493 1266  865 1879  594  856 1891 1449 1845]	None	None
GRASP	500	20000	0.3996901512145996	[43.]	[ 247 1471 1063  930 1774  247 2110 1415 1792 1841]	None	None
GRASP	500	20000	0.3163745403289795	[43.5]	[ 252 1449  769 1415 1799  252 1650 1517  733 1232]	None	None
GRASP	500	20000	0.3275942802429199	[42.5]	[ 117 1750  738  834 1745  117 1838 1799 1792 1232]	None	None
GRASP	500	20000	0.14847803115844727	[42.]	[  78 1709  933 2161  856   78 1090 1232  771 1799]	None	None
GRASP	500	20000	0.15682077407836914	[44.]	[ 594 1449 1845  733 1788  594  865 1938 1397 1799]	None	None
GRASP	500	20000	0.3178384304046631	[42.5]	[ 249 2116 1845 1780 1354  249 2063 1397 1955 1716]	None	None
GRASP	500	20000	0.1655426025390625	[42.]	[ 569 1280 1346 1449 1872  569 1356 1250 1653 1799]	None	None
GRASP	500	20000	0.1558990478515625	[42.]	[  91 1895 1938  894  865   91 1448 1375  900 1799]	None	None
